,Olig,astrocytes,eNeuron,endo_mural,iNeuron,microglia
spot_1,0.09253156232741291,0.1985286460043677,0.08350066374406129,0.41285877253662123,0.08192502910850916,0.1306553262790276
spot_2,0.062305381328147405,0.2154771898605776,0.187840581771602,0.20055111219999813,0.11060579199440114,0.22321994284527377
spot_3,0.05870111343573996,0.190288236957197,0.20782413201586716,0.23193672131534668,0.11750026828337728,0.19374952799247186
spot_4,0.06931580251937265,0.18481342238534998,0.21847182476291466,0.24402205688169532,0.10576449389944467,0.17761239955122263
spot_5,0.05636766007970829,0.24351648398974807,0.201512550612301,0.22392831414414535,0.1078202086887003,0.16685478248539715
spot_6,0.04721624122911249,0.21140470052896063,0.13755992547606985,0.3127048854633388,0.13697559715196872,0.15413865015054953
spot_7,0.057577925455759356,0.3018205848005967,0.18569411005485956,0.20271750358759183,0.09444673827634555,0.15774313782484706
spot_8,0.0527967190533365,0.18309894620904577,0.21645707597243471,0.20918669528151115,0.15497459145590917,0.18348597202776273
spot_9,0.07466301976804682,0.1863885413515097,0.22101540725262145,0.2320669919368443,0.1240896262054959,0.1617764134854817
spot_10,0.058363051917491776,0.19363015538017703,0.26877017916081974,0.19685718800938437,0.12206003876668826,0.16031938676543875
spot_11,0.0660537249778105,0.1835697161797522,0.25934047321643583,0.21222561282855532,0.11602518469014536,0.16278528810730056
spot_12,0.05126655592598395,0.1800668507731945,0.1383246757516278,0.23234953184306056,0.21240045066011418,0.18559193504601884
spot_13,0.14882017915285153,0.22498862919128856,0.1782415323022354,0.18402154838655954,0.11184394020444356,0.15208417076262154
spot_14,0.05458324625296396,0.30654533574229126,0.04898590870486504,0.300054487907375,0.12100194445922152,0.16882907693328322
spot_15,0.06011312502290768,0.19795067385500564,0.17455270719891217,0.2614354595973453,0.12176932792680702,0.18417870639902226
spot_16,0.05682763581595834,0.19240946566632322,0.1972721435342088,0.25090333751576677,0.11685870559335315,0.18572871187438983
spot_17,0.056725634139289514,0.2292167397220468,0.20357129323193834,0.22999853894007424,0.10015560178852739,0.1803321921781237
spot_18,0.06272131340053416,0.16847945432003938,0.24827581529863438,0.23382146458655945,0.1032082150496665,0.18349373734456614
spot_19,0.06131968330247584,0.1886860795972081,0.25558522952830054,0.21862415360216889,0.10582707212610255,0.16995778184374397
spot_20,0.05039825972062573,0.19036100265975903,0.26274212714622036,0.20626875399078418,0.10441468235200994,0.18581517413060084
spot_21,0.05925057929771239,0.19915813590343598,0.2147087573859642,0.2202601694800911,0.13823064137936436,0.1683917165534319
spot_22,0.06485300145277115,0.2082996246364763,0.2248701742817844,0.2297700977360912,0.12146786509041183,0.15073923680246504
spot_23,0.06766270006105493,0.20637264709188813,0.25379914900182127,0.19833610903308344,0.1148185588656852,0.15901083594646723
spot_24,0.1479995804760258,0.16689745037556694,0.21335884033445426,0.21043712514661228,0.09503894652012887,0.16626805714721188
spot_25,0.06569299788367171,0.17901051503254714,0.21010708018671562,0.25884034932759775,0.13187503531922046,0.15447402225024742
spot_26,0.09417291636741502,0.21069733298537996,0.19223627635287185,0.2271638993572841,0.11560219445663937,0.16012738048040975
spot_27,0.07158301766764286,0.19607997924317613,0.1888058405149756,0.21920182408524513,0.17380443781115915,0.15052490067780105
spot_28,0.051616054618824195,0.5046155731616436,0.04052528648549299,0.21715396321922925,0.04293773849128927,0.14315138402352068
spot_29,0.06834071825076567,0.1755240815598947,0.19584256636062672,0.2528884376011924,0.11583041070341149,0.191573785524109
spot_30,0.06950350341178449,0.18034390890375593,0.2017129047483759,0.2394486303216226,0.13024230283677946,0.17874874977768165
spot_31,0.06242787310693059,0.19561953495920453,0.23329084309993256,0.21764960655032597,0.10415589216046939,0.18685625012313697
spot_32,0.060758608518698354,0.21581515059686493,0.26263678405261304,0.22223642402712582,0.08654535175111236,0.15200768105358559
spot_33,0.050027979117813176,0.20424517377233609,0.2820306982223341,0.22748774276632547,0.08676393899844262,0.1494444671227486
spot_34,0.062055087837021856,0.21743825857052357,0.21295535975812194,0.1797849020802099,0.16737506430093485,0.16039132745318777
spot_35,0.08741499675779543,0.21231954658436844,0.17637863171583185,0.28460450112663627,0.10992422898301624,0.12935809483235183
spot_36,0.05714055632991755,0.24039843296407554,0.22771759550685358,0.20409784608995063,0.13136293018580686,0.13928263892339598
spot_37,0.061958903732786494,0.20025645339477174,0.29149259255190474,0.19296543304671468,0.10298534503529472,0.15034127223852758
spot_38,0.11732119523552925,0.22099626626474658,0.20655417700967046,0.21212197917274656,0.09090384767769222,0.15210253463961496
spot_39,0.06422854638732362,0.18049251131960045,0.24394218149964203,0.1976688364405294,0.13549332367025502,0.17817460068264934
spot_40,0.10004618512872551,0.24633660772853178,0.22831762647949902,0.1831703532449358,0.0822748106522032,0.1598544167661046
spot_41,0.06871317132738855,0.17928742454767255,0.24824190399963708,0.22861024269724212,0.10928787155270245,0.16585938587535728
spot_42,0.053958121742457614,0.3545580986569554,0.060270377309636004,0.1627415126385053,0.1543410264644246,0.21413086318802102
spot_43,0.052753771139879016,0.20027850709851971,0.19528019720741963,0.21560507054392175,0.15599025605919364,0.18009219795106635
spot_44,0.05761534008674984,0.1961222557514256,0.25249725739090495,0.2182117856820345,0.08764275094872764,0.18791061014015742
spot_45,0.05667338095416557,0.1668221068255355,0.32323892852648567,0.19720067595781499,0.10020984675147564,0.15585506098452276
spot_46,0.046323388127863525,0.21750220070316392,0.24896676903765239,0.2525147255101205,0.1134700944794294,0.12122282214177026
spot_47,0.04705637183601705,0.23745586914574635,0.2704049036651074,0.1811590145238641,0.09872645061756502,0.16519739021170007
spot_48,0.05746529603698298,0.16607029500144133,0.2870322734093641,0.15507433272923712,0.20348461276196686,0.13087319006100767
spot_49,0.07468370789395051,0.20357656594760887,0.28059402863947863,0.15505289677607673,0.15810419579681156,0.12798860494607356
spot_50,0.0457188322177998,0.1956146615877023,0.2988281531930698,0.17515134745362496,0.15655872247812802,0.12812828306967514
spot_51,0.05194337487891746,0.20115296774691502,0.24036480258257406,0.18090694826440248,0.1785476154729961,0.14708429105419507
spot_52,0.05043370074365479,0.19248466987392862,0.24523131957407676,0.1846948089932464,0.15317894772259108,0.1739765530925025
spot_53,0.05353283155651675,0.21605099871130987,0.26468572273236884,0.1959300217931584,0.10209083638202891,0.16770958882461717
spot_54,0.06363296871484665,0.22814683527080626,0.1998065367954087,0.2229558428837729,0.10691293687131757,0.17854487946384792
spot_55,0.07181003096426589,0.1875558223483711,0.17556044012185704,0.26335464330183495,0.1346958139380629,0.16702324932560816
spot_56,0.07093491202130958,0.20378301509940297,0.16242566077099463,0.2925644505685312,0.11237126483185582,0.1579206967079058
spot_57,0.08455328997731654,0.15326753342087485,0.25393346866798666,0.2184833334873383,0.11619294168574106,0.17356943276074252
spot_58,0.07506142519048695,0.21327732754015502,0.16175958493100318,0.23121065577553526,0.15194293186282945,0.16674807469999015
spot_59,0.06678787324409818,0.2262493379206547,0.22505848185980443,0.21039909901792103,0.11087153556850296,0.16063367238901882
spot_60,0.07228449545279746,0.2163285288026325,0.19985869091816638,0.22714115304363783,0.12159632031437959,0.16279081146838634
spot_61,0.23026091505805607,0.26258076607595876,0.08018532191317618,0.1986878416764439,0.07647699321686127,0.15180816205950382
spot_62,0.07652735816574219,0.18248680602952025,0.25773656184316895,0.2122696369758056,0.11234792645407635,0.15863171053168656
spot_63,0.11820095233068316,0.1802800163814326,0.2067600090396185,0.21156943191971142,0.1027638483298074,0.18042574199874672
spot_64,0.13266804254822684,0.1846346614268798,0.17016724098940744,0.2435423495068079,0.10002958605105813,0.16895811947762004
spot_65,0.2670409661006843,0.214034469892292,0.11802414031053018,0.16176585054397696,0.0911899464596132,0.14794462669290342
spot_66,0.0626529754413662,0.20381100934216098,0.2835119580453497,0.17359509795950243,0.11579988200702279,0.16062907720459782
spot_67,0.05628990451423655,0.1972205621440009,0.19237817186898426,0.2181714758039794,0.17065344737632868,0.16528643829247028
spot_68,0.058150679985767714,0.28798471875434617,0.23477700491811226,0.16628688796699123,0.10774993704309062,0.14505077133169197
spot_69,0.18462184726445982,0.31223790953810204,0.11372881392271093,0.17924299830882445,0.0938182612497705,0.1163501697161323
