,Astrocyte,Endothelial,Ependymal,Excitatory,Inhibitory,Microglia,Mural,OD Immature,OD Mature
spot1,0.10123530714650558,0.0428466649785082,0.035057114531622816,0.3179104189823406,0.3851652193635047,0.04553271741790634,0.022743625542014465,0.03598017883023153,0.013528753207365768
spot2,0.17330756075449733,0.04906623086483077,0.05688342173215876,0.2923633279842288,0.20891693986574164,0.059992840934214094,0.027746038540995145,0.11189082474251859,0.019832814580814838
spot3,0.14786162267432393,0.03948648492646145,0.048277260793186665,0.3487612472920526,0.24953493511197428,0.04567042833833555,0.02420689290933152,0.07386926782340508,0.022331860130928957
spot4,0.19171148881643335,0.09089699490619056,0.05764001650182199,0.24590537905635165,0.2093774314959911,0.06029949126742436,0.021964602002686153,0.09831161102067154,0.023892984932429404
spot5,0.21755746604398377,0.05050780813685382,0.05624268660531288,0.249665572595151,0.18323823933758365,0.06781051387218205,0.023812990230319554,0.11422717390677985,0.03693754927183339
spot6,0.14782617881806792,0.04789945508982099,0.059367266753157365,0.3209271188481329,0.2370343552476406,0.053288890237368575,0.025282515922420486,0.0897776360565223,0.018596583026868802
spot7,0.22453713042161993,0.03444515769695405,0.06611468024271877,0.23325274772567228,0.1983723433741132,0.09135480144738876,0.018132155947730197,0.07684115429746122,0.05694982884634165
spot8,0.16154205024666138,0.10660392392355396,0.04805641046282154,0.2561623197837719,0.24660064913948793,0.05297468875316234,0.02747147593323739,0.07594410816014747,0.024644373597156075
spot9,0.16391240583546612,0.07134805192590654,0.04189830585658798,0.3596430172266245,0.23333824876356105,0.045157263946160375,0.021248427183304244,0.04606231297991684,0.017391966282472394
spot10,0.16617786250544636,0.04854891411292514,0.05201873688913656,0.26138223302860164,0.2625298717953915,0.09748883093431056,0.022637213019296016,0.060592016234869095,0.028624321480023092
spot11,0.15499540944068801,0.049485918627897946,0.05418020350693506,0.27106517829508575,0.27106134607502713,0.056383825578460084,0.04192165754463205,0.083133816566324,0.01777264436494996
spot12,0.13794299804994492,0.04838298852569467,0.04805315379595312,0.31627844820298,0.308372183495794,0.04963592131796986,0.0211959363137697,0.050941276116966715,0.01919709418092691
spot13,0.16988600698684814,0.04636514638213911,0.053553706471441996,0.27104754273269754,0.2961478832700012,0.0538310119698995,0.022450549635082518,0.07184110365441734,0.014877048897472708
spot14,0.17442708015899158,0.06107101287526855,0.059697524589461926,0.2797620639754612,0.22145476900880554,0.04967455939194878,0.03757489432538974,0.09731752630802323,0.01902056936664961
spot15,0.1522868758705841,0.0750841859277705,0.06151810414283493,0.2661719893337327,0.22531308350197163,0.06436743547316463,0.024957544308969865,0.10166610254255423,0.028634678898417407
spot16,0.17606854056635787,0.05098944877518517,0.05431177833877282,0.17861776791798467,0.17896689027017867,0.09122669813966804,0.02287203146179712,0.1398487872958305,0.10709805723422516
spot17,0.2024875073684115,0.10760016621134391,0.06272869689198275,0.20243316926853963,0.20188021282261492,0.06146098696471997,0.019985867171323925,0.06721310778170031,0.07421028551936312
spot18,0.17824990169856805,0.1258202217134159,0.0672896442566996,0.20131560038045027,0.19520010108281738,0.07964944701875962,0.049569468552441015,0.08449790388451175,0.01840771141233639
spot19,0.11305278502436823,0.06779483770043897,0.03288731116421825,0.1149778839330322,0.09173663073624508,0.11472963716915106,0.018610513838864286,0.08716386954506908,0.35904653088861277
spot20,0.14884910797251305,0.08249586594223149,0.0346214130026699,0.07922258559320632,0.0797248484105076,0.09885673070577673,0.016270748195564746,0.04803445513281683,0.4119242450447133
spot21,0.1967058382319903,0.17874528320322838,0.047819106686550567,0.12470013019126862,0.11143017323554955,0.06387960849069559,0.022157021515158106,0.058047858241800934,0.19651498020375804
spot22,0.19794266048929068,0.19003054149042045,0.049508650518792434,0.0900620925648914,0.1160016413566966,0.09994115843001393,0.020378353297456218,0.08893139419774757,0.1472035076546906
spot23,0.21152615328272753,0.13369498665077814,0.06444570463239256,0.22076327813535324,0.17804530323741566,0.08904449997091476,0.024468678243583102,0.06173391152057731,0.016277484326257703
spot24,0.15445270604091843,0.032582247730889614,0.05717381245225841,0.29327728336585923,0.2689081875850584,0.050424781573255896,0.027848504750598656,0.09928676659083563,0.01604570991032569
spot25,0.15810974168108707,0.08717493116877043,0.06542780753328131,0.2693568569553626,0.2180468543905224,0.07057461083802029,0.033005970269033534,0.0810291988600548,0.017274028303867525
spot26,0.21993773077659895,0.039584155445309625,0.0650819391309484,0.2409064258122612,0.21700835095188975,0.10880547767932215,0.022345977379821174,0.059459235652802346,0.026870707171046417
spot27,0.16945867704924547,0.0872263170721533,0.05271945994256973,0.261889889064883,0.25707790440698225,0.05870376683082936,0.020652993560691106,0.05838064161331363,0.03389035045933211
spot28,0.1913683880714788,0.03456299889924751,0.05717169088882548,0.2931652394017842,0.25131574517782423,0.04710913091881142,0.022838972381193954,0.0836869626901109,0.01878087157072353
spot29,0.1942669074213228,0.026182334854540187,0.05662817621079122,0.2555239481186515,0.2707826438805581,0.05114223060495044,0.022060099109600453,0.10640605652556549,0.01700760327401983
spot30,0.17128690058912074,0.061413875250425874,0.053750775095962336,0.255976787745396,0.2637633471275681,0.06732743911254835,0.0234700477818698,0.08411653693611419,0.01889429036099472
spot31,0.16796245740475305,0.060991553277117534,0.05102504517948335,0.2805145244770674,0.25694082147873276,0.0511663887618489,0.02680312022264049,0.07713893384523288,0.027457155353123645
spot32,0.17477012951785947,0.07375582858899306,0.044485404002016955,0.2913845947144159,0.26647039364319447,0.04748599101975449,0.029100178863217318,0.054348037885196376,0.018199441765351976
spot33,0.2750128432337195,0.06416831129039369,0.058936831592099496,0.20457167608449467,0.2286777188179578,0.05068370855998388,0.019851875716158388,0.07523680549027123,0.02286022921492128
spot34,0.1889051880835434,0.06008024587418823,0.048671325134397966,0.24358524829450057,0.291536426788105,0.06427771549704517,0.019532241520367238,0.06874369914196685,0.014667909665885544
spot35,0.15494661047924477,0.05504369943260675,0.05255572148102161,0.32977392295174957,0.22891981594331376,0.05950650862505501,0.021616384468867773,0.07726161485622103,0.020375721761919752
spot36,0.11375342907130026,0.03564931036368974,0.05096377517685471,0.4147454185921928,0.2515333375102858,0.044710506949591174,0.01566828682150187,0.060441393968429485,0.012534541546154123
spot37,0.10811020842072454,0.05146212551483825,0.04487551308880695,0.3975550258540309,0.2564875292458143,0.05247081957496269,0.026171322286587227,0.04595910582513172,0.016908350189103354
spot38,0.21157626086921275,0.039926952973962995,0.0573176419761182,0.25116836778339435,0.2188116317471094,0.06371931189718111,0.023325671711288732,0.11566682620711896,0.01848733483461355
spot39,0.17636902951196934,0.05672049820678497,0.045589377675545224,0.32299686513648845,0.2594874452187177,0.05875463606231904,0.019362482386338774,0.04413370881054395,0.0165859569912925
spot40,0.1533241618550192,0.1305443152450763,0.052503819269644945,0.2662263358478879,0.23420598140637963,0.05225481399068804,0.028194326403206873,0.06719819320986237,0.015548052772234734
spot41,0.24470280788048693,0.04244487128382881,0.05791158475123526,0.30144845840321993,0.21746247169885774,0.04271723655387733,0.01824017059360713,0.05820537223559311,0.016867026599293698
spot42,0.15894994431988693,0.043263438299689636,0.049658249829003145,0.27874743322144124,0.227859457577386,0.06566121336603821,0.06433711414226853,0.08642554171971932,0.025097607524566988
spot43,0.13926823663058346,0.06572088684888674,0.05321704007305509,0.3224990321610621,0.2515273507283082,0.04766069533039706,0.04381810060814244,0.054909206952125936,0.021379450667439095
spot44,0.19259236686547546,0.10254733724480758,0.06332390033511975,0.24082449472921302,0.2095230640065922,0.07074602773920972,0.028063757697122858,0.06532847206189335,0.027050579320565992
spot45,0.20049425710645696,0.0392133661577971,0.06149360960402263,0.2966007577895868,0.24879104127836393,0.04814671542851942,0.0259392588011443,0.06276612141791016,0.016554872416198723
spot46,0.12485897502049847,0.04890232785156167,0.0645860557760102,0.32622415644211405,0.271976294666879,0.05470811351376124,0.025534753986118413,0.06592781843210557,0.017281504310951403
spot47,0.128860891898512,0.03248464812374463,0.049666765640872815,0.2908517249091319,0.2944767864904743,0.05124501726853037,0.023943529257471594,0.11258697106823265,0.015883665343029617
spot48,0.1390818003980755,0.0484405393791055,0.06491219540078924,0.27387766817921355,0.1847953846165153,0.08216240175085013,0.03581021518692835,0.05826867204114278,0.11265112304737966
spot49,0.12179391806991761,0.04498585820700329,0.0479128459655682,0.2787518744356366,0.19875502949704343,0.08699604229852384,0.024352743023908555,0.11989331193941805,0.07655837656298037
spot50,0.25254419192082783,0.034331459773896705,0.06695074691844131,0.14486620972062758,0.1284009030654824,0.07811024532910173,0.02967050426942892,0.05216470044774234,0.21296103855445137
spot51,0.17955249412390129,0.03852463523294489,0.06585351760537389,0.29028951556310173,0.2548023957851077,0.06874409334987694,0.021372152470254573,0.05942738093210787,0.021433814937331024
spot52,0.14347327561334583,0.040151944384009916,0.053829626751382614,0.31619115585166085,0.2749766658276517,0.050613015211857564,0.03549349699724655,0.07021411462752702,0.015056704735318022
spot53,0.15651741771828526,0.03473230726462198,0.05584277412791336,0.30730891596369575,0.2696072671493343,0.05756576886747799,0.023436653880533755,0.07748526838083308,0.01750362664730451
spot54,0.19951566480529387,0.04005136884966651,0.07098925035454634,0.24601775309890833,0.25392082825227347,0.054004873487399824,0.026419909921913325,0.09093138216637335,0.018148969063624985
spot55,0.1788410922282027,0.04447441140952502,0.06937442803895043,0.2732300132053782,0.22790738474186092,0.06000574922291161,0.029545144089897567,0.09572359624614929,0.020898180817124266
spot56,0.17855015194589666,0.035856160485594576,0.06483532093360722,0.29725233346768015,0.20815802087046903,0.06952501020387256,0.06560952903632428,0.064654582198169,0.015558890858386647
spot57,0.17582451785235778,0.04897201798931076,0.06685450965293613,0.2814307216718058,0.27090007145853934,0.050619355714889076,0.02417967959621739,0.06506870028397878,0.01615042577996487
spot58,0.12050943856831292,0.09086466551596449,0.05492707945807705,0.24220790640858642,0.2028063070359627,0.044530813586161865,0.098729642861785,0.12575771201909125,0.019666434546058178
spot59,0.16730979326005255,0.039771837142211525,0.056173384935248434,0.3030893354130869,0.2302923540367032,0.06586788942031352,0.028561900966707576,0.09289713414030404,0.01603637068537227
spot60,0.19211311578747425,0.07204824045408433,0.08414500906515528,0.21728734263030672,0.20421259523520854,0.060719122472967325,0.07616347026765101,0.06905618280008728,0.02425492128706532
spot61,0.19585041401984413,0.050758479018472684,0.06751615792377202,0.2673466903569525,0.23544975819462105,0.05630840042422286,0.023491565270052434,0.08656967685184537,0.01670885794021687
spot62,0.21020566184627765,0.06384072770674448,0.0732436337188312,0.24015113626048257,0.22129200154633472,0.06392376345935519,0.03027531791415971,0.07471668848041407,0.022351069067400458
spot63,0.19465710410971854,0.05771496045640881,0.0752704220609257,0.2314412786574413,0.222147076354833,0.06305721898872275,0.028565452146297486,0.10321006553221747,0.023936421693435083
spot64,0.12811641434829094,0.037441465491006416,0.06784050696431276,0.3145827451534754,0.2917002712076786,0.05704453035100606,0.025012089706699586,0.0674077789695023,0.010854197808027714
spot65,0.17028178213432565,0.06029503046130894,0.0578040801379453,0.29024621258249383,0.21708883631480794,0.07635143642636587,0.030683423191398503,0.07676603138235151,0.020483167369002298
spot66,0.17302999171924266,0.0478482105571691,0.06867863492530801,0.2410961982591556,0.24328483631105313,0.06503964780175586,0.027502968457950677,0.11694759925660568,0.01657191271175933
spot67,0.15500684928104164,0.07610564491370626,0.05311544926948884,0.27485356573246333,0.2788225768773343,0.060605239391056456,0.03152576079719746,0.05644593803907722,0.013518975698634462
spot68,0.23234203657202324,0.08514321305293458,0.07628108857605864,0.19295538040519916,0.22742120148830983,0.0690354011333299,0.028110927780828857,0.06830721141317314,0.02040353957814264
spot69,0.17795728008643788,0.038737013552552095,0.06872980411515839,0.2513257486938974,0.2926957844688004,0.06024101479727331,0.025814256230239665,0.06960526092441494,0.014893837131225992
spot70,0.1320850865674801,0.06735567613589086,0.04440456530122656,0.25810767512261434,0.35548758074747994,0.05118655067090017,0.03208903980652912,0.04574852613801523,0.013535299509863706
spot71,0.15272720708702878,0.0443344482705829,0.0664923616086184,0.2507668240180042,0.27956592300882216,0.07338320923219965,0.047085523431854896,0.0683630099293394,0.017281493413549526
spot72,0.18699649817140873,0.07797122582532111,0.06467916988386811,0.22682705798033223,0.22376099449423845,0.0824611788084047,0.04476339433697339,0.06981510431753392,0.022725376181919235
spot73,0.17587335187911443,0.05508346045327094,0.07139559249034166,0.23585296276232184,0.28564683465546153,0.05437898966816988,0.020014305846671694,0.08387447127387264,0.017880030970775434
spot74,0.17812724825522347,0.06671949368123502,0.06721954517609507,0.24319371305931253,0.21255545828761643,0.051299179880895815,0.022389768859999493,0.12887459985227295,0.02962099294734923
spot75,0.2493322752311851,0.046620253451496,0.060851463972486385,0.12781849793648412,0.14432181640676534,0.0775549520595782,0.01841053393284153,0.1276980176880368,0.1473921893211267
spot76,0.18444681212804323,0.18809118804773794,0.04646617253523291,0.17496648895406114,0.12885137829626261,0.0531329143427187,0.027789802216538883,0.09490662007931805,0.10134862340008645
spot77,0.18710137958494574,0.03483652296563601,0.07030513088628479,0.31348790667733284,0.23840922445253102,0.04811881275626759,0.022694643995938943,0.07126931326867467,0.013777065412388502
spot78,0.19216788951158356,0.08092558417520707,0.05990115820742434,0.24418128257523533,0.2339652884832215,0.057206464788330406,0.0316669766675641,0.06408228735693085,0.03590306823450279
spot79,0.18028962072880753,0.04752072028244957,0.060144679623216575,0.3062317904610071,0.2260012352795349,0.05477784464098726,0.022595357920717558,0.08106039305555529,0.021378358007724155
spot80,0.17524112623267565,0.04639146077405725,0.06346639204629317,0.29111321898460557,0.21062597417654794,0.05404385200624511,0.027407902991409543,0.10532756796078373,0.026382504827382018
spot81,0.1660604099149628,0.061257623065371906,0.056346016125751276,0.3069096258831184,0.20367164845692934,0.05984659937563624,0.026425757906054833,0.0799527051693029,0.039529614102872285
spot82,0.15171306049666466,0.042253909738542365,0.0577313369961923,0.2958030290008913,0.2075317830907211,0.07456310780553745,0.04144833790083152,0.11065247873564321,0.01830295623497622
spot83,0.22076894192159674,0.06787739672910234,0.06488434559110373,0.2570968390861032,0.2308045135849656,0.0537071895027055,0.02906088421163929,0.06021094109690381,0.015588948275879772
spot84,0.17120467808801257,0.06053020694167987,0.08402292657675454,0.2501080435281786,0.191803725352361,0.06932463884910152,0.08574043162667674,0.06777469552963203,0.019490653507603203
spot85,0.23177819426980031,0.03807648437184821,0.07487469786600895,0.22950221636306326,0.18711467572277585,0.0587864920255481,0.05332206586113312,0.10549046823298384,0.02105470528683838
spot86,0.16211096282228235,0.05786574642251772,0.0664833368518568,0.301019017213749,0.2149704431149065,0.047716570071951785,0.054214310598874806,0.07884790557782233,0.016771707326038648
spot87,0.16633971876220482,0.08727246607593897,0.05781135322242219,0.2777689717433245,0.2056638523964658,0.0783788390203877,0.019151405160590933,0.09012484906981741,0.017488544548847736
spot88,0.19935557953752067,0.0764017610165778,0.06512829202837597,0.1981148408008868,0.18459307974677908,0.05966168020116749,0.08229942610194645,0.09278854850858659,0.041656792058159156
spot89,0.15203357009729984,0.05830823544341778,0.06227409454041662,0.30168499463590703,0.23536234339436726,0.049200658259623754,0.025055248756139847,0.09956464121974272,0.01651621365308501
spot90,0.16242493661326116,0.0666446465179109,0.06105998822591347,0.27618887074547377,0.2228439054083585,0.05218504565247588,0.07343124597618186,0.059604842304461156,0.025616518555963197
spot91,0.13743354703886027,0.07255413964976985,0.05501751891884962,0.263425454217052,0.32827135024298865,0.05274100206666483,0.020056191542726844,0.055445999901048884,0.015054796422039097
spot92,0.1775284426097126,0.036950137223815196,0.06399821360959106,0.2638082315072891,0.29157028721578754,0.05604469362293711,0.030130538053724946,0.06487980664811195,0.01508964950903038
spot93,0.14257212114908455,0.052107382732491866,0.056781649177152706,0.2722449595658705,0.3159047077982753,0.04857591630444103,0.038048596184358824,0.05477404304470363,0.018990624043621653
spot94,0.1963506174611955,0.04075646586575145,0.06457761680360116,0.27535818330290945,0.25376893829791286,0.06785384159165322,0.025662627893944856,0.05666734786267245,0.019004360920358985
spot95,0.14660449338027784,0.05044220036419708,0.056387885338089305,0.24308155918282368,0.3387606776431528,0.05543398075815652,0.03352012187583789,0.05846772261513319,0.017301358842331548
spot96,0.142461457151702,0.02989501536346958,0.05699365848338535,0.3703910154423548,0.26237644671003113,0.04894281525178967,0.020572440928909294,0.05608364001257942,0.012283510655778745
spot97,0.14642865345185302,0.04125248263696623,0.051560905909098995,0.29900521841458155,0.31259841920008713,0.04939929362085388,0.019947721938593944,0.06273794234591856,0.01706936248204659
spot98,0.17104872569120655,0.0780287672401723,0.05550125115211896,0.2802319601076262,0.25630179331753666,0.05361504313592229,0.039157521293941726,0.05144217231724322,0.014672765744232137
spot99,0.16426855966583662,0.03972710971136695,0.0593553575988084,0.3134411345876071,0.2515564842737348,0.051543670940232336,0.02501579931214647,0.0796437902505948,0.015448093659672734
spot100,0.16037626942322358,0.057403603847550014,0.052962589288692685,0.288720221485304,0.27049978027833876,0.05201477239665773,0.02388532470632244,0.07774663093115194,0.016390807642758798
spot101,0.15416521214597945,0.08227926859286848,0.05497746727227988,0.28710419302251433,0.2421701339549136,0.05545303293419869,0.03657600895762664,0.07230035352429413,0.01497432959532466
spot102,0.1628269528400072,0.07291479808176143,0.057213496873290866,0.31066243534971344,0.2318546528475411,0.057951644501480735,0.026294885123701026,0.06441589785593645,0.01586523652656772
spot103,0.166003591396365,0.038507593972512674,0.062241962689463824,0.313300052211897,0.26111105299106835,0.056527068671265376,0.025522254751269565,0.05983941190425246,0.016947011411905726
spot104,0.1719782481811432,0.08384559498206295,0.06712920073748294,0.23287152183185061,0.22620316126545253,0.05488876006926517,0.025953523960641767,0.11699256273583139,0.02013742623626943
spot105,0.14861606215880377,0.059758590018017366,0.060391658154787115,0.28052699251738794,0.24740033574450052,0.07619636778574002,0.04989164703677718,0.05872542075008853,0.018492925833897538
spot106,0.1695791856829116,0.03529344719926023,0.05951662571221879,0.2949973813426349,0.2802465804513393,0.05315192667306407,0.02304497386785689,0.06781517110444658,0.016354707966267513
spot107,0.1579636719525269,0.03292456142900677,0.07400105612319485,0.27857035779927874,0.28069102029601833,0.055993032607373094,0.02717631222337991,0.07923628938166227,0.013443698187559075
spot108,0.1884776584387558,0.044685705421898245,0.06913512276113272,0.2620479937821349,0.23798713593144713,0.058024854575001575,0.03159515490846459,0.09034313010852028,0.01770324407264476
spot109,0.16707783004822988,0.0482500765296684,0.07243846797788596,0.26870287451981856,0.2610248498922816,0.05577160408484088,0.042624694443237125,0.06404738870833739,0.02006221379570018
spot110,0.1928486735607205,0.06537356116962487,0.11042088174897789,0.19611781115596627,0.21820073028066544,0.05476012610962718,0.07120357904373038,0.06664978682096316,0.02442485010972427
spot111,0.14711091933578926,0.026297890102644658,0.041191510265786956,0.09718852010415499,0.09314919384890716,0.08926331000252793,0.024705496940331483,0.03551366535795218,0.4455794940419055
spot112,0.05915466622422263,0.06606035417120823,0.0402907024594692,0.06672086433475088,0.05351237996838271,0.07156343406155494,0.05635031655371806,0.034638147209682835,0.5517091350170105
spot113,0.1471579385436983,0.037496396087654156,0.02864764842881851,0.05499300596245825,0.05741568060417799,0.06936921981366637,0.06667796913943543,0.02270037091868987,0.5155417705014012
spot114,0.060578943203338384,0.08293270540542566,0.027283971142334454,0.05654730625062318,0.04754123901990143,0.07049566474203894,0.015707522066147814,0.013349770012754015,0.6255628781574363
spot115,0.19705251819506336,0.07586322495194799,0.11178153362486147,0.19495304060210222,0.19176623391188333,0.06274149733823103,0.045769460962778466,0.09578713675877998,0.024285353654352238
spot116,0.19814659423498057,0.10519513151548936,0.13423216082221684,0.13982923684045961,0.17332386465996577,0.07008074811717037,0.030349796914160395,0.09208789181941164,0.056754575076145355
spot117,0.18120464931153063,0.045695552786387234,0.0782387248823629,0.23703271183352248,0.19561535822876952,0.06068295793667893,0.024206902866611597,0.1197658246808108,0.057557317473325875
spot118,0.2337756303884714,0.10139991913154515,0.13081452799731916,0.1416609359608729,0.18492862288600476,0.05614427225551485,0.022439368244852688,0.06472212732143678,0.06411459581398236
spot119,0.21095737552524368,0.05915240258863934,0.14045135778680212,0.18987810007814898,0.17114943527055385,0.06020386775927903,0.025567303900351238,0.10997099397133028,0.0326691631196515
spot120,0.19804181355010558,0.06614808553912145,0.09623434203256528,0.2191790173260073,0.2213048816056645,0.06446298583741472,0.03719335895424904,0.07171588057661722,0.025719634578254845
spot121,0.17442772381541982,0.04435070067099092,0.10380064338576894,0.2628548691893987,0.23292844172104754,0.0673259353926532,0.02764390980989256,0.06737636666195163,0.019291409352876713
spot122,0.20735589016353712,0.06610872408943888,0.11103210895121765,0.22536500944399548,0.1961571419945259,0.054412172130200345,0.026067493705142785,0.07963532938469899,0.03386613013724281
spot123,0.18212626300695672,0.04295015632248988,0.08107128557693191,0.2795375294629929,0.2316872783499306,0.0581206586118701,0.04137076193587611,0.06248937277532119,0.020646693957630524
spot124,0.20059050760664762,0.08136552322347142,0.0856812697834817,0.2348218332682031,0.20461745328491068,0.06069661526132305,0.043315806766216935,0.0666365048034915,0.02227448600225403
spot125,0.17957100256975714,0.05183502867919412,0.07841881846782334,0.2809734971629706,0.22005078002965786,0.05534062652359682,0.0398911963782595,0.06964418254604991,0.024274867642690677
spot126,0.1818364261290904,0.042771933138317196,0.09646542980718405,0.29007119008484394,0.21074362106404465,0.058247131589434446,0.026948136979493418,0.06938335927250762,0.023532771935084174
spot127,0.17321294241438123,0.036135730765798034,0.07410236419589195,0.34456593017247367,0.23468715586155253,0.04263545736694476,0.022134719883062367,0.056330320708661674,0.016195378631233895
spot128,0.17396389681266722,0.06929883508791712,0.07053262114046926,0.28544860609980227,0.2220756600105813,0.055419286166590746,0.03140573079738789,0.07415684447196981,0.017698519412614445
spot129,0.18175577226069717,0.06386156260635972,0.09533998705854317,0.2592632496908119,0.20583886712575047,0.06883304572216523,0.034484429772699034,0.06514426325354554,0.02547882250942767
spot130,0.18835814827175806,0.05264523120846269,0.1048798204387997,0.23566451432112834,0.21653754435778316,0.05937869707400104,0.04480935512989698,0.07512691749427955,0.022599771703890294
spot131,0.1667973022372116,0.03771148873548588,0.05402148911011369,0.3524474110174733,0.234871526704583,0.04694420696602226,0.0213773076138908,0.06846132167386873,0.017367945941350757
spot132,0.1589724639493141,0.040351556300920306,0.05193886798780983,0.3289557738156599,0.21946776624924055,0.05090561624437372,0.018063229716631383,0.10649861097737966,0.024846114758670344
spot133,0.19363257098545003,0.06309042486298204,0.13432856736136664,0.23493764078702326,0.1931822831747409,0.0562815986385248,0.027313917676319528,0.07540663894333104,0.02182635757026166
spot134,0.18589963469710427,0.05384179733257168,0.09849058412510635,0.2693137781807727,0.19570066942037928,0.05747128459339442,0.024015909388597597,0.08702538527393697,0.028240956988136837
spot135,0.15220687047584774,0.06877470392544956,0.06165114557895882,0.30022033481553606,0.2181052359594384,0.08260365066404858,0.02602265163146004,0.07584437091340548,0.014571036035855113
spot136,0.16634933153064754,0.03198075157307005,0.05011491804293878,0.36920708919385026,0.2415460498150289,0.05519947167628247,0.020183623152860368,0.04952541840759831,0.015893346607723333
spot137,0.21547150158309955,0.08697118923419792,0.1718838986740609,0.15798682677551343,0.16770771362209883,0.05672907645605305,0.030366707611708836,0.08132198931903889,0.03156109672422867
spot138,0.20636728829937048,0.050675584737818406,0.12374623726064661,0.21174498805074018,0.1990379835796063,0.058149398614396046,0.027774007856725666,0.08839886421692296,0.034105647383773544
spot139,0.1956602976544224,0.11568637228742566,0.05843112530518437,0.27296204067809193,0.22063725570090587,0.042198042061259704,0.02000842883165623,0.06057742856009386,0.013839008920960101
spot140,0.18579343486183458,0.04524774440983688,0.06673242238204269,0.2661730109876724,0.19169207294943874,0.051905271153343535,0.07809308317224281,0.09976679844859981,0.014596161634988562
spot141,0.20422757982873557,0.058247866016373995,0.16477592720389841,0.17860591867364503,0.16641418786666748,0.05674341673098312,0.039780273833201485,0.09260797014958357,0.03859685969691126
spot142,0.16562408054305877,0.03963965927415242,0.10089736266539973,0.17547645776971016,0.15268067763679136,0.05277625087220616,0.2181104071700141,0.0786579730055776,0.016137131063089838
spot143,0.15312299088654488,0.07082307512380634,0.06232725891671409,0.3298200838898585,0.20849145697716,0.06118095953746626,0.0337686795040241,0.06506277752389761,0.015402717640528136
spot144,0.21119600513666184,0.050452626170973416,0.07515656827210944,0.2728211466590903,0.18784228708562256,0.05774471442968265,0.028549108370795245,0.0968914372730849,0.01934610660197963
spot145,0.20961830203857051,0.04345654857844249,0.06333456475675436,0.3215884003704315,0.21715579631692036,0.05610556334663009,0.022547345474952518,0.05024361069484815,0.01594986842245008
spot146,0.12372849647075093,0.0481888051189887,0.05670750391945869,0.4008022386429993,0.21454918007034904,0.05784518544741731,0.027089051343725887,0.05566718745812832,0.015422351528181692
spot147,0.1930461002824431,0.058161606693172115,0.07637184246211381,0.21774947155767374,0.16155203633001375,0.06411142207116069,0.15479275704808756,0.057797761436160736,0.01641700211917441
spot148,0.21480469838835323,0.049711882917731376,0.07630339779985704,0.234115686886342,0.1989715651944248,0.07372660378052533,0.032574142634553355,0.10270830318241939,0.01708371921579369
spot149,0.18319534974668958,0.04314268452516442,0.06354442761357755,0.3023561666621234,0.23983910065794967,0.05755892020057299,0.04163196455681036,0.050882089843765965,0.01784929619334595
spot150,0.18872037480335987,0.06919062124725196,0.0709911077488338,0.3070911289516221,0.1889223243525293,0.06488692453745404,0.022787367778715203,0.06381113485786166,0.023599015722371885
spot151,0.1501960682783616,0.04108515390124248,0.05467380363113442,0.3469121784137408,0.20055889189219916,0.06030152509535291,0.025083488324701014,0.1049542825847925,0.016234607878475124
spot152,0.1575386863003353,0.03507697178311337,0.07180726809344962,0.322162634396348,0.22988631524426556,0.054726415827430944,0.028225025531941846,0.08457223284925561,0.016004449973859806
spot153,0.175289850806272,0.06400467752698395,0.06777861778366913,0.31743005059197893,0.2016240378488043,0.046452786015440665,0.02261603811480158,0.08520824232170361,0.019595698990345717
spot154,0.19637911604389152,0.035246054413568456,0.0642684173434954,0.3141317844316564,0.18994597651482084,0.06388175564053265,0.022352793658352608,0.09734820855359688,0.01644589340008522
spot155,0.2051989264695755,0.040072552605965206,0.057156889485249884,0.2860606571444621,0.21686389713455506,0.06375037904684079,0.027708678549225846,0.08393167052807421,0.019256349036051407
spot156,0.1546132049176153,0.042555052666036805,0.04839490137323796,0.3412570974156168,0.271452394932552,0.054493120064328306,0.02235803166614153,0.04905443094736103,0.015821766017110394
spot157,0.12356774589542602,0.046570805151035774,0.045086085983268874,0.27413873172570014,0.3407963793772665,0.0653402373315233,0.01984522720628834,0.07010576427781105,0.014549023051679995
spot158,0.1821859420319501,0.036315626946833324,0.05999128996294429,0.2531894229437459,0.31191250124936176,0.052231984712998496,0.0260286017971402,0.06212945432925133,0.016015176025774524
spot159,0.19798120235831837,0.05709355864995312,0.06010002771042904,0.3099820193248763,0.2198520711280824,0.048949771817030925,0.027508472270409402,0.05928486176562826,0.019248014975272114
spot160,0.12465530830556178,0.03397000444980878,0.04959784194707917,0.39846896072194965,0.2445840293891711,0.05221307882727853,0.019830929107404638,0.06255375520591518,0.014126092045831241
spot161,0.13187354158828404,0.05615013689874899,0.05517383677114222,0.29757682427809606,0.29883151568213984,0.07403016340515998,0.026825156166297416,0.04394068895452675,0.015598136255604685
spot162,0.14426082945722843,0.05988279646265637,0.051334191074679174,0.27108535642004145,0.33290986275020845,0.0467434966253858,0.02063960283038213,0.050923821493342236,0.022220042886075934
spot163,0.17375300111806358,0.03911827931175717,0.05689276910587283,0.3318980861712309,0.22961903876548861,0.05955757038628578,0.02617087216533838,0.06906179684329863,0.013928586132664166
spot164,0.21875913781407796,0.03417205289777317,0.06327233513501795,0.2970116497118428,0.2314700094951136,0.0538740925370223,0.020360167641018997,0.062005947475805664,0.019074607292327447
spot165,0.1786212875123797,0.031788249657485675,0.059320297164989585,0.2962179899816148,0.26141802577008977,0.05475655452750016,0.022792071563736156,0.07571807809282581,0.019367445729378287
spot166,0.17700091997337344,0.03481051085389346,0.05962343499601267,0.24624477387169988,0.2942785113472112,0.057541810914153675,0.047343888089680354,0.0669570089470398,0.016199141006935525
spot167,0.1665144927556479,0.03287176868350738,0.06573326380212569,0.3094607598997827,0.26849677758329,0.05819818245492993,0.024317668280022662,0.059471031615867365,0.014936054924826362
spot168,0.16187945346601948,0.04521392672372906,0.07176705526960139,0.30939516727116,0.2429818881195755,0.06754086600956437,0.021997290519001907,0.06162516590149461,0.01759918671985366
spot169,0.14532403331655602,0.06221663749183428,0.05296915515535174,0.3682589953004874,0.23297994449430035,0.047685953725589016,0.024223362148493726,0.05123443964785343,0.015107478719534157
spot170,0.1598840363629878,0.05609860112285507,0.062434570258492667,0.26231151170394706,0.266163616611824,0.056548531883817386,0.0259464433493162,0.09105948705345433,0.019553201653305406
spot171,0.18117042525645888,0.049101043012031574,0.07418909915061073,0.2780099101376472,0.24819090458976178,0.05925114326828996,0.023906586754570417,0.07129560633616858,0.014885281494460913
spot172,0.18213820870305383,0.1260958208612846,0.12027825268829785,0.1252991367175806,0.12837443815323546,0.05743361705635539,0.03250347175203379,0.07039914685460245,0.157477907213556
spot173,0.16216932219248226,0.04039011164310737,0.0735103273850542,0.3022505518923779,0.24623444633984962,0.07170658109840695,0.023284833008432683,0.0626136558332835,0.01784017060700544
spot174,0.1696282391186761,0.07346224092029426,0.06338691847037878,0.2886617932070419,0.23607694059832177,0.0625609301110074,0.0249299253357512,0.06285899996380502,0.018434012274723674
spot175,0.2044595597520095,0.025707522772676183,0.0686601613470761,0.04536300341600259,0.05341743991150496,0.07079594562031906,0.0189221960054075,0.0292216640613535,0.4834525071136506
spot176,0.1534554798753276,0.08876890190177514,0.11580825070580056,0.07457852084904842,0.08892727348049934,0.09176810875921722,0.1149745207484006,0.04085138615846953,0.2308675575214616
spot177,0.23110252509059714,0.18335732137419702,0.06963871759622606,0.08040135436223282,0.07419361919533222,0.053879698300423474,0.03287874001434655,0.03978323712487294,0.23476478694177164
spot178,0.252604327570038,0.03595885702154119,0.12251734602281159,0.1874076561317978,0.15400911500260886,0.08590409859125073,0.028773316836896073,0.08427796459427495,0.04854731822878093
spot179,0.14676058480364973,0.036618838509947536,0.04887213076575397,0.3522783021944865,0.2516947841941507,0.059126704049117886,0.02345359219893169,0.06612238510584388,0.015072678178118012
spot180,0.17991629314802954,0.06722149412342072,0.06542158814254603,0.2643384515482894,0.22388666630967324,0.06538798508852814,0.043421333823161705,0.0670447755505464,0.023361412265804748
spot181,0.18974558140330805,0.0394021062577555,0.054216292972794185,0.2877458470752624,0.22807755324019283,0.05537319281469283,0.03852277442409056,0.08886066562068631,0.0180559861912174
spot182,0.17686016058772763,0.05119575255650387,0.05756772247018744,0.3144956982570561,0.2462929497502471,0.052887163727718726,0.023456201012038335,0.059617678847150496,0.017626672791370247
spot183,0.16170955043806584,0.04415897529511906,0.05990088505871109,0.2796121452036987,0.28007171188972624,0.05330254623586414,0.039464257868164626,0.06591926062111703,0.01586066738953326
spot184,0.16287184428229956,0.03277060567076195,0.06254779503063634,0.2931167589416333,0.23056761570435033,0.0536730424118849,0.032775944129573964,0.11686755510426669,0.014808838724592994
spot185,0.16882430464015233,0.02700962030927745,0.06294741056766172,0.3144446043717489,0.24249399899248547,0.05952338081904397,0.024491279107920233,0.08586640297769216,0.014398998214017808
spot186,0.13562239064104162,0.0655523775914541,0.048361166928975394,0.3343594081214257,0.20793835696204688,0.08524458810002469,0.026715628016999938,0.06625015857497334,0.029955925063058362
spot187,0.21126009404457358,0.05574348870873115,0.06914292809797679,0.24279420899774112,0.2100839158255219,0.06278487469865228,0.031092850009796356,0.09995394888133456,0.017143690735672255
spot188,0.1688167495295472,0.06739405181451133,0.06397765963669483,0.23698594592396216,0.2391519726701117,0.08407075020622794,0.03733505632424321,0.07966917039532571,0.022598643499375796
spot189,0.13282936971123005,0.05055532877515541,0.0516835255815537,0.33005598129702246,0.23136366256449817,0.07309625287765142,0.03592760631483343,0.060022346065475116,0.03446592681258028
spot190,0.19203180247943222,0.05014784977429999,0.06592822363779861,0.2505132715360306,0.21144694570265443,0.06301905572596578,0.03868854478771647,0.10978408963414875,0.018440216721953208
spot191,0.15841201266441457,0.03325931093390227,0.06250620021315542,0.2997355669330302,0.2798994912405234,0.05255788759091101,0.025351676356905186,0.07181615233704428,0.016461701730113618
spot192,0.14167120863419816,0.06339071059646816,0.056613252273045415,0.30156097330833576,0.27961552705655063,0.05556143030399722,0.030524241010928516,0.05379901333338363,0.01726364348309262
spot193,0.18569189835444427,0.05160439575765989,0.07163624777606217,0.22545942033685284,0.23074077283694028,0.05613042657352256,0.047981891281711216,0.10800118214155274,0.022753764941253963
spot194,0.17285432027315184,0.041260228473824594,0.056596452057460486,0.2504056162644132,0.28193989101075223,0.0932314683206994,0.02678824639847469,0.060023631841535446,0.0169001453596882
spot195,0.14677235591454516,0.06690868445458616,0.05832442090852841,0.28005440806672244,0.28736252917425126,0.05615541382956491,0.027290366055143962,0.06002068968601611,0.017111131910641626
spot196,0.16989527284560485,0.04293789737863161,0.05526483126981763,0.2525821322895552,0.2417985951878425,0.06257151025082801,0.020348141810531708,0.13264848911843416,0.021953129848754374
spot197,0.18682949079406877,0.043816018741921335,0.05097208955021673,0.2656845052254378,0.2884486065198204,0.059416238447961595,0.032022387024231276,0.05698969212868396,0.01582097156765818
spot198,0.1593112645671686,0.048986268647089604,0.05487385851867843,0.2342417732133807,0.36320969955388527,0.06232458724208765,0.01640456638968655,0.04572904930534129,0.014918932562681965
spot199,0.21684940300305236,0.06638511297695197,0.06641550070961674,0.2350881498606708,0.18399940032350115,0.06040554651477562,0.018123097111516658,0.11807250984369204,0.03466127965622254
spot200,0.26450820012974935,0.06286472728907944,0.07179587864151432,0.22012233317144986,0.22858535343229022,0.04650771696863781,0.025141310859586756,0.06344283238319205,0.017031647124500282
spot201,0.19215452971959285,0.04123936612703395,0.056978446933362854,0.2786821917340979,0.22983599408485914,0.05113204611338626,0.021377800330852317,0.09400023223803262,0.034599392718782075
spot202,0.1799006345117019,0.12698788342713163,0.051889946274066914,0.23118194116670646,0.2161232424313555,0.091005436986076,0.025516341364940107,0.06002673407309579,0.01736783976492584
spot203,0.1937490477813613,0.04081035766052394,0.06635489547279796,0.2680479872764941,0.2419712070825923,0.06675661197908238,0.023570565152666357,0.0733356897476304,0.025403637846851304
spot204,0.1686522305354775,0.04099388730457751,0.06678445486368714,0.31109134623692175,0.2186906308373763,0.06537099092115414,0.02278246373862935,0.0898939688228114,0.01574002673936506
spot205,0.17722453216741674,0.08063595068773559,0.05091193282381074,0.25544679263369957,0.23894683994882415,0.06204085183656702,0.03835805687999257,0.07656421497811342,0.019870828043840168
spot206,0.1798672561511024,0.05249509777666986,0.06007776231591666,0.23694071707499414,0.16141551729868564,0.05151641490779712,0.035210483405384074,0.19585872089683007,0.026618030172620044
spot207,0.1769540349690643,0.04578658213407513,0.05860743808623403,0.32561981614831215,0.1862102646325002,0.0517593639499149,0.06463774197390704,0.0738469816306651,0.016577776475327093
spot208,0.20521644751632373,0.059123283368255786,0.05683858224204706,0.29905686022452777,0.19482592576108076,0.05048248381683942,0.03664512559123674,0.06880682133590835,0.029004470143780332
spot209,0.14713037315515984,0.07620360418170286,0.05812333217866198,0.28394028609458594,0.2389151277362075,0.04818555692154073,0.02384507764707397,0.0996437117230467,0.024012930362020454
spot210,0.16016036349666526,0.09881268283086289,0.05790348381216797,0.20287766900233348,0.20900759057825358,0.06921593742234612,0.12878367408125618,0.05179911844564834,0.02143948033046615
spot211,0.13377049927662998,0.05420511474398156,0.045388002491727475,0.21970647061990978,0.15452916101667233,0.10563669996178307,0.02206705499535566,0.04723800574154805,0.21745899115239212
spot212,0.09453409660780297,0.052325311352729255,0.025556392069853384,0.10805369469762806,0.07250562169225871,0.14378988493550612,0.01688792599941555,0.02069038729063224,0.4656566853541737
