,Astrocyte,Endothelial,Ependymal,Excitatory,Inhibitory,Microglia,Mural,OD Immature,OD Mature
spot1,0.1275497439951875,0.056712099302321115,0.058296130842429905,0.3559226537033766,0.23956079987457574,0.05384548700496171,0.025306365912750182,0.05797872871063647,0.02482799065376088
spot2,0.2498095971858438,0.05196018916544555,0.14868915147757938,0.16365374726860177,0.14376840575041042,0.06555316923400872,0.03950982189886681,0.08335056200229703,0.05370535601694651
spot3,0.258515206011796,0.04967374709123379,0.16854541801828526,0.16890141867637815,0.12514736875016305,0.06116069400716219,0.033288762138921825,0.09011808075661767,0.04464930454944214
spot4,0.14655906775201422,0.037208004618902515,0.06204880458196793,0.2659180119934394,0.2870740963794898,0.07356519875994695,0.03318590364983763,0.06211891461421872,0.03232199765018283
spot5,0.14538676254699906,0.11063651813061029,0.10334742656608248,0.12156897630419485,0.10025891048008423,0.11661294988999302,0.028929802604085824,0.05860056555290101,0.21465808792504923
spot6,0.12558849607002223,0.04141312853070725,0.04470442678676678,0.3495523044179217,0.29947722869287835,0.045666371765390075,0.0274497010679628,0.04405570206755593,0.02209264060079477
spot7,0.158357232267344,0.041312407300242854,0.06522864225362239,0.3431809283609383,0.20282620239366944,0.06304302581105874,0.026289996302711838,0.06996006462309755,0.029801500687315026
spot8,0.11963631465829794,0.032767806610337964,0.054523312064352514,0.3607859643053049,0.2535116513262654,0.07051650822880903,0.029809394005590597,0.0525746011773088,0.02587444762373284
spot9,0.15546993079467036,0.04551898106665178,0.07134614676879933,0.21242599905878629,0.1925562035999996,0.0723222470494559,0.035380230926559286,0.1400167791277428,0.07496348160733468
spot10,0.23403467238698836,0.034568191407131285,0.07999809536478729,0.2169194294083819,0.22230473429392572,0.05526368655080672,0.03230073339939071,0.0913935725963384,0.03321688459224961
spot11,0.15315598424170884,0.03758907632620618,0.06151677939524014,0.3143546968206575,0.2042239674660629,0.05113412746606209,0.030082416195895998,0.10975096503947719,0.03819198704868916
spot12,0.17343741699065804,0.04632274622417158,0.06077054404474341,0.2915373862373734,0.23704353822414237,0.05930677555247411,0.04132279255075387,0.0581119170739599,0.032146883101723214
spot13,0.12369708373439811,0.031738100774505014,0.04536754172301834,0.3691081734095663,0.2795302096317121,0.047089140739344136,0.028663017379372373,0.05261597969836352,0.022190752909719988
spot14,0.1479859586809227,0.04105163296646185,0.06033620739219559,0.322111481750931,0.22250437340444368,0.05430438299140705,0.031252853528695175,0.08355664576170616,0.03689646352323671
spot15,0.15335739715327515,0.041032150798475504,0.0659828988970669,0.306158491826658,0.2110712686537325,0.059736129873418156,0.02612977696075187,0.10406946172121595,0.032462424115405945
spot16,0.1255054548689297,0.04190598532537909,0.05191291314080712,0.36312663395824085,0.23913852459713247,0.05814300402457472,0.02116996257176537,0.05613705522783529,0.04296046628533547
spot17,0.17764150518683675,0.03542698033751364,0.06231196307843466,0.32966231329553397,0.22121758680822795,0.05828622223213798,0.026602931034765895,0.061954125241797116,0.026896372784752064
spot18,0.14110571104253392,0.09745307626546966,0.06432650660425367,0.23699257952364322,0.21841284912925366,0.1164818448348787,0.03940606085880413,0.05212655414101812,0.03369481760014487
spot19,0.12719795528894248,0.029445157603051678,0.04851987302596193,0.38644101353375515,0.2551042229935581,0.05239535504969643,0.02601168139777179,0.053488671078928234,0.021396070028334206
spot20,0.1359126060560601,0.050864420769553234,0.05501498303206768,0.18443830852426785,0.2145627562184684,0.06435381394441055,0.027404609066466027,0.0601442957046292,0.20730420668407684
spot21,0.1391665055049931,0.03652769149695926,0.051061240453236824,0.35254637213397505,0.2521247250331986,0.04788552990476322,0.02738692185462476,0.06331599312141492,0.0299850204968343
spot22,0.2590985114313372,0.04921153925123957,0.07395711715435384,0.131575795281255,0.12159078289449748,0.0749069946945189,0.028641305079336283,0.08442520470379462,0.17659274950966708
spot23,0.17527733365317275,0.08150447999643466,0.06642094729002945,0.22471170646748725,0.22689424996292898,0.06825967626048943,0.039569210132972855,0.058359748421845055,0.059002647814639486
spot24,0.1503192563148983,0.07317363821094727,0.06291225891315166,0.22960868783391358,0.18720059352403795,0.09030833139711786,0.03180538195662821,0.10845346047884592,0.06621839137045928
spot25,0.21437923838319703,0.04189239401765965,0.0733526575501751,0.2551527189500127,0.19541947086962563,0.06246882915228636,0.03197784108829121,0.0775275949204999,0.04782925506825248
spot26,0.13348593669265127,0.032903316900248496,0.056980430801375846,0.3375394672177897,0.21448360687593215,0.060434953848723175,0.028625151944544687,0.10362487865695973,0.03192225706177496
spot27,0.13563746856300504,0.03564892637450232,0.05598743362784147,0.3804669491727793,0.22927232575019035,0.05293533001510267,0.024120227527084533,0.06209421163161294,0.023837127337881413
spot28,0.17584295270493824,0.0882130725919925,0.07635698583930622,0.204578998299434,0.1821992068614563,0.07295720774269054,0.03309308095294708,0.1256953846313653,0.04106311037587
spot29,0.22506016059975328,0.03938668059913604,0.06390690929514824,0.2873651770839421,0.19039694654091222,0.06645942109016988,0.026487401874269397,0.06583135259530709,0.03510595032136177
spot30,0.34234680894374137,0.03892662894902666,0.08701730759878436,0.1604938554127329,0.14672964735110733,0.06287954113828735,0.026283025032786046,0.08744568266065529,0.04787750291287862
spot31,0.14923821131766368,0.03541797347589813,0.06763185899180561,0.3128272095594632,0.24672613816216618,0.05650352063291415,0.03200228681781409,0.06869595118429596,0.030956849857978908
spot32,0.14372730036191841,0.05693255777206958,0.06375539185390681,0.26813824846418866,0.22067392706090413,0.08861202046286731,0.033648604223746846,0.06460903813281611,0.05990291166758201
spot33,0.170046395866044,0.11513608688728763,0.06908092794342273,0.2132971161010788,0.22145775567607476,0.06973446296414562,0.03891766241931759,0.061476324737988516,0.04085326740464037
spot34,0.14784567502651963,0.03908025049464937,0.06344939069168028,0.2968717675364953,0.2482595983148887,0.06331833452204479,0.027930478355221618,0.07790317168666337,0.03534133337183685
spot35,0.14507504583275263,0.02746845357135111,0.06022531574312453,0.3702296483310606,0.23063250358216472,0.05404674394037564,0.032031957604084366,0.05277470025284418,0.027515631142242293
spot36,0.13709053179236086,0.03538147312773626,0.06074592233501128,0.39448941077510413,0.20587959535894781,0.05105949894080888,0.028163896758009663,0.05500954888580452,0.032180122026216555
spot37,0.14479695529703776,0.09339970336283043,0.06772592333529136,0.2958546165280863,0.20576814228167206,0.05357345987693839,0.03811548999361559,0.06902506060632763,0.03174064871820038
spot38,0.1389079292280438,0.03172088243565907,0.06885618005639571,0.3298010099028288,0.21437750050938348,0.0560967868546544,0.02812345793147183,0.10125647164590997,0.030859781435653037
spot39,0.2181141574362486,0.04017281935031901,0.06723585113639478,0.2993142781975537,0.18939703439878725,0.06797405345987664,0.02438342115463953,0.06325974777218951,0.03014863709399102
spot40,0.19153230842981223,0.04343278078274843,0.08763328328808619,0.19141012965653895,0.1697120523954645,0.12035320371564454,0.03271790503539244,0.08920731322911778,0.07400102346719495
spot41,0.17562373221835983,0.046711102695639675,0.07405332884185768,0.2390654455849905,0.22434926937802746,0.07639353476957443,0.0285441352228761,0.07769769102611841,0.05756176026255604
spot42,0.14099538730237846,0.03320857230205423,0.055782905043453665,0.3316883271217652,0.25925147827573963,0.06058365978385504,0.03009999419143096,0.06162720750030894,0.026762468479013705
spot43,0.1569973568088492,0.03966922382893879,0.055000560980469446,0.2971013109427371,0.2639928415891889,0.057998108743731416,0.030975333843931255,0.06557715788165211,0.032688105380501875
spot44,0.17206041790634644,0.04289377469351112,0.06068395671548714,0.284534976053154,0.2532275363373854,0.05973044956811777,0.027185535687239023,0.06323452790975992,0.036448825128999274
spot45,0.20137815830320718,0.03284976125022173,0.058197381307003866,0.30282988979290837,0.2401702178927839,0.05417911995319,0.023160902461199052,0.061390322951202586,0.025844246088283326
spot46,0.15348982724033977,0.13015425727252306,0.06454731451023264,0.19236244843598235,0.20050709533104832,0.0645470004856705,0.04072708669477809,0.10770121074423053,0.04596375928519469
spot47,0.13206314601442967,0.028277169022313812,0.04655497613280747,0.36587677161261223,0.2743890424066767,0.0469078776811631,0.023807718934359054,0.05175742756616404,0.03036587062947393
spot48,0.1668046532715866,0.03767553223937898,0.0583159071377529,0.3153841812477434,0.24807678721624743,0.04895327315550221,0.026892230249886583,0.055059846201954116,0.04283758927994771
spot49,0.1462407946832376,0.06600309537417441,0.056924197431298416,0.33961652191007335,0.22131265231140335,0.0524028485347203,0.028215178542173903,0.061940532027340324,0.0273441791855782
spot50,0.18671621030645627,0.051171785726779107,0.06860009222002048,0.25539437723108876,0.22771159675822514,0.06087986224771619,0.02701976446604428,0.06928348728229332,0.05322282376137638
spot51,0.1741130813942335,0.04545506622843426,0.06555156223040873,0.309231541039714,0.21401481897883778,0.06015405426423179,0.03437037519120915,0.06484439523848418,0.03226510543444651
spot52,0.12492441872671911,0.038168258938292524,0.048778606006926614,0.39144664598287915,0.23595341228543998,0.06297841949326653,0.023061582323106466,0.04839990150088182,0.026288754742487815
spot53,0.1374551190922971,0.032546857451399604,0.05383983581842154,0.3405826749544094,0.2601209573714367,0.06895400040717774,0.02639582207483433,0.053217628812475465,0.026887104017548114
spot54,0.2787296735644841,0.10215507786569751,0.08011056610005314,0.1599654864040668,0.16065302716014132,0.05509884839249155,0.03580199010318536,0.08244933458835774,0.045035995821522554
spot55,0.16096873189096567,0.03709521203072219,0.06960996610952053,0.2809956130135338,0.28763555799245577,0.05157113546428706,0.027242761702343393,0.057053659603530205,0.02782736219264143
spot56,0.18936107035788663,0.05671179364973425,0.07038873864906602,0.22416668211989416,0.2107292588622247,0.06554935655195088,0.06618531262998083,0.07990004837030147,0.03700773880896101
spot57,0.16296025097977332,0.07434220340913299,0.05912340251531322,0.2003436158057864,0.2328832969402032,0.08113447256229422,0.03412659760219533,0.06437323317196411,0.09071292701333712
spot58,0.12799805340409173,0.03003528525838705,0.04727088030405583,0.35169055220632445,0.27418421832577183,0.06865339935533463,0.026289918970056315,0.04857308042345352,0.025304611752524672
spot59,0.17471402697022986,0.09525760120204944,0.07169670995636494,0.1440001540554757,0.18650315178534216,0.07017583176093836,0.12888228794377624,0.07997245163649838,0.04879778468932499
spot60,0.15371290045235608,0.039483420473361355,0.06499434206905647,0.25334990991049094,0.24159060218226905,0.09765794650715479,0.03260710775434878,0.06702728880356898,0.04957648184739364
spot61,0.1535480907758762,0.03404631543648588,0.05824002515328693,0.282587803518133,0.2657763154749888,0.05388251947538137,0.027601905239437514,0.0939178806496005,0.03039914427680995
spot62,0.19054866163300174,0.04101848509990263,0.06983797195922503,0.22573482783495627,0.21003736660297542,0.09506093648698169,0.029602957059207225,0.09276195847673421,0.04539683484701588
spot63,0.15787226537460836,0.04316524155953009,0.07345698256748726,0.2831381713727399,0.25535722658750304,0.052599426823017374,0.02496825626599689,0.0796270569178768,0.02981537253124015
spot64,0.14506640809654944,0.03779444607459425,0.05951057535436678,0.31531344329590605,0.24715118722798274,0.06555240304784425,0.03601899887260755,0.06343238404362561,0.0301601539865231
spot65,0.1649373207446491,0.10332410711793845,0.06115636461503964,0.21802601828437929,0.21497488909214152,0.10587406142642262,0.02684431327252376,0.06584054104668229,0.03902238440022332
spot66,0.22079827814746922,0.04337673442671548,0.08615423213663384,0.23962678535768311,0.20506527096729146,0.06004542248546096,0.031170293054643017,0.07611462075490837,0.037648362669194406
spot67,0.13883188217868025,0.035701164479320376,0.05542687660996453,0.29560793219288434,0.3020345567067304,0.058375029923907744,0.023810195259304057,0.06360149945283848,0.026610863196369777
spot68,0.15535566396900505,0.029987875517868346,0.05325549655406206,0.2905175590157093,0.29693151198250883,0.04966570470646746,0.02785269057205959,0.06410875501863289,0.0323247426636865
spot69,0.14000166731879218,0.04497305243875413,0.06635980569790521,0.2809090833941427,0.27856752866617723,0.05550376760647512,0.02601414661632675,0.07292157082428685,0.03474937743713965
spot70,0.14586339363914774,0.03448968737552799,0.057608806497674456,0.30177485281221483,0.29046024972661194,0.05282496014723123,0.02737847914210026,0.059755830623002035,0.029843740036489548
spot71,0.13947844737266243,0.03556222494929839,0.05208181599069855,0.32846964353701724,0.2941823994018036,0.05197414078417553,0.027371758430515522,0.04787476101284454,0.02300480852098402
spot72,0.14023663892603194,0.05683206476771846,0.05720423383867861,0.3208941545306548,0.24638045558668362,0.055381697344819236,0.027910476311896252,0.0626807868922336,0.03247949180128363
spot73,0.1387018636262597,0.030931677544924846,0.05844293247802739,0.33132564782449436,0.25829343832147317,0.05800423148504947,0.028703695156740264,0.06406954234441191,0.03152697121861881
spot74,0.1365714795271909,0.0375942809044962,0.056476617391947516,0.33997718283135303,0.2596921738999585,0.052244505665043656,0.028468164052144543,0.06317874344714382,0.025796852280721785
spot75,0.1498338745058036,0.05226473863889511,0.05937439478885555,0.2689422626001544,0.2672639228832727,0.058994690234537725,0.0279754476630424,0.08398369359395443,0.03136697509148428
spot76,0.1385312448699938,0.03889013569030679,0.056595351576762806,0.3042433816890223,0.2782477780720332,0.06149133268540725,0.02503765292929824,0.06292475506723784,0.034038367419937716
spot77,0.2504076040802277,0.04360389266726561,0.09853868537024325,0.19486925721550097,0.1943503765165145,0.06290950968200726,0.03581842236741066,0.08371772096773061,0.035784531133099484
spot78,0.14195412841062896,0.049966013795288755,0.06868332452752696,0.3551194724134413,0.19831706938058088,0.06846996240593749,0.026168144389125896,0.06366954329857655,0.027652341378893254
spot79,0.13940274221614932,0.04131119965387328,0.0641464578365218,0.3002258809511711,0.26497950358457606,0.06004166331028562,0.028151247429471084,0.06541130882648447,0.03632999619146724
spot80,0.18216911832735622,0.1405797426409082,0.07393360683624545,0.1810394023010014,0.19601629991405892,0.06511943424598571,0.0373602580955055,0.084747440006112,0.03903469763282671
spot81,0.17976336238653626,0.05216222437096972,0.07559819166340546,0.13981940025866335,0.12376347004771646,0.0860919478898652,0.027473916415924008,0.1490259967523541,0.16630149021456553
spot82,0.14982439913592843,0.0436349924847192,0.06520504904203288,0.30849033039628304,0.22429426399261418,0.053646823125365145,0.039564307216773675,0.07757211762206262,0.037767716984220864
spot83,0.17682911714789043,0.04034023458267911,0.06826395646479114,0.30829072828688675,0.22771885520742421,0.05716291459100811,0.028644594492703734,0.06369181673522624,0.029057782491390256
spot84,0.1347837645362853,0.09843333857345304,0.06630831994551123,0.24567550160216986,0.20594382256498817,0.08480668637042012,0.03165257664801338,0.06919696039989758,0.06319902935926133
spot85,0.13975573584448026,0.0368383650586344,0.0742259207745283,0.30752948499187116,0.24377169204647636,0.05864972573812269,0.030955138262262896,0.0769180665974951,0.03135587068612888
spot86,0.15931214869356025,0.046544163993734025,0.06600122719165992,0.2838624376447247,0.2151942313507704,0.0561865458898438,0.03012912301439393,0.10927108518766789,0.03349903703364501
spot87,0.15901421247563674,0.03140579541712377,0.0671733311621761,0.2905004862253071,0.24232672690713705,0.05953006442523374,0.0301384279437679,0.09164177707834859,0.028269178365269005
spot88,0.19917379260463108,0.046979573864853554,0.07301801774983915,0.2734673490723099,0.19293726050747423,0.0548216619773888,0.039127207739541786,0.0783943272144249,0.04208080926953644
spot89,0.17445212131721177,0.09827341949524881,0.07376674708235924,0.2084787757760754,0.179901545063579,0.06036417514142537,0.04904190730977426,0.11190751832604344,0.04381379048828276
spot90,0.12110048450784772,0.09067738584817818,0.06207566095950335,0.10971516397469477,0.09597002468813665,0.17695083330449773,0.020684543312572117,0.06971827587478549,0.25310762752978394
spot91,0.16154504423641694,0.04764632314784252,0.07780157804683101,0.24089668814437157,0.2199411959730993,0.07384864637179107,0.031584861016980166,0.08130770653461634,0.06542795652805102
spot92,0.17472671504521625,0.07692739479804084,0.0715900284335974,0.16397440259027712,0.16400320924471398,0.08597834940339567,0.03732467108086962,0.11663918015793508,0.10883604924595407
spot93,0.1914953988393602,0.056303460095186726,0.07143431301459909,0.13245409549717782,0.13419451006388253,0.10683447030998502,0.02596000133690811,0.11608280188145204,0.16524094896144847
spot94,0.1581090256440413,0.05303423445812337,0.06775369180034842,0.18674837651324214,0.15360671443929244,0.10066188282416634,0.03467398957124498,0.1585449403246795,0.08686714442486158
spot95,0.1599622682514235,0.044738318322815045,0.06245387157016481,0.23057987000143795,0.24806929874510192,0.07232200604447142,0.03481466112532132,0.07999517411503841,0.0670645318242255
spot96,0.11516685878276303,0.040556938054424584,0.05127525123715086,0.11531170163874768,0.1015273609821859,0.10381660231307438,0.029579204556275503,0.054907895046947,0.38785818738843103
spot97,0.15164443849342046,0.04301128658983475,0.07492233849766754,0.18613105860640228,0.17818724105997708,0.09215106542239372,0.030037795962271432,0.06694990573888997,0.17696486962914276
spot98,0.15975932728922593,0.05116394567320806,0.05704433163546164,0.2687458016469813,0.2640334579000866,0.07311910480166203,0.031435777501668524,0.0626450585669524,0.03205319498475339
spot99,0.17394724352802662,0.10203121371301732,0.08185326508071157,0.19847408867652727,0.2139237428188332,0.07626077964266233,0.029161312906366192,0.08544320377795372,0.03890514985590185
spot100,0.1568596991376016,0.056509074678337864,0.059863273627658434,0.21672117544508027,0.19017147635611595,0.07395454444824914,0.027903838734161697,0.07968837198158993,0.13832854559120517
spot101,0.15072647195386737,0.040165742379546426,0.07659421328634075,0.27359556927575,0.2540949219979048,0.06499952970159138,0.028888403834273515,0.08298080064250914,0.027954346928216568
spot102,0.15555998013983122,0.04439754328922902,0.06264074184387715,0.25866254106502007,0.2410105588595199,0.07263632955814364,0.027593842900607776,0.06937372119528103,0.06812474114849018
spot103,0.30607276754662754,0.11153359582085923,0.10999318615051694,0.11562476264786459,0.11332673869380108,0.06338867767647265,0.034096764531233816,0.09200182798438473,0.053961678948239535
spot104,0.1322204100648427,0.05028345911180692,0.06281861761481677,0.3110742878716101,0.22035857874933726,0.06170329706931069,0.02889937147153985,0.05574578566312607,0.07689619238360954
spot105,0.18837910316529977,0.05849222247708734,0.07959664694931967,0.208930763457767,0.2604130164533622,0.06108261126927809,0.02955167408044522,0.0789434153476491,0.03461054679979177
spot106,0.17080390081345512,0.09538185478815689,0.07344054274525123,0.21974591082356762,0.19279435768175707,0.09187444517654383,0.046458927215919266,0.06962360586408883,0.0398764548912601
spot107,0.2340288397183638,0.0873517105190252,0.09171124467961576,0.1192648284977136,0.11040033804998,0.05800261198222153,0.042495238430074946,0.16515214704601575,0.09159304107698936
spot108,0.1719055264158551,0.11562634320609291,0.08060732588644841,0.23394006280977545,0.17818702014440163,0.05518110354752374,0.056227859219385126,0.06981608072723477,0.03850867804328289
spot109,0.14503935770426196,0.0708168252236824,0.07435200275383406,0.2430164586127429,0.2582352938694742,0.06826900422438488,0.03939690601589971,0.06795027934907945,0.03292387224664035
spot110,0.17239778965680463,0.04353131836156909,0.09169386420440052,0.12434717702044587,0.11563420949877457,0.05740518141561839,0.030380475338053853,0.31907298494716957,0.04553699955716351
spot111,0.15062786992453742,0.08045890566668534,0.05743907154067098,0.21862481942212633,0.17192378534018118,0.08016481334682009,0.032442925412434716,0.07188755074228989,0.13643025860425403
spot112,0.15063432736874202,0.044829410813635895,0.06418442948794754,0.1624832022207395,0.14041552555815998,0.19541213450200798,0.029282242996843285,0.06484112696646571,0.14791760008545812
spot113,0.12174550782826446,0.0438696056368367,0.05560811865769617,0.09773104980028482,0.08741610421622766,0.06783399952104446,0.024443729517921613,0.2156587289140929,0.28569315590763117
spot114,0.11692395258196825,0.13498909801499429,0.05573904685745881,0.09105493639006886,0.09236291501227,0.07849611091042567,0.026446914262344617,0.08505842403632505,0.31892860193414463
spot115,0.12884378347520417,0.09460893888250065,0.05793935531603584,0.08896517651042728,0.09363097258883286,0.09890786603727865,0.03235446515029052,0.09929202326780034,0.3054574187716297
spot116,0.11442997214616409,0.03906475346598311,0.04722457990580872,0.083730206156734,0.0840522925791384,0.2204130630989976,0.025690205033084612,0.04480787872027031,0.34058704889381913
spot117,0.17044538604526305,0.08326556513146406,0.06665826640677246,0.19101599257984658,0.14889620219440267,0.08061160843108492,0.03370936985764641,0.06656836363209301,0.15882924572142698
spot118,0.20572204838206895,0.29646019516044253,0.0765155141747778,0.09813595956965927,0.10580727271259872,0.07878438830243324,0.02481023167093977,0.05914409087723022,0.05462029914984952
spot119,0.1345294661630132,0.10993450138243642,0.0592679779094603,0.2438171210066699,0.17339638653416692,0.06609848528778942,0.037379953804151274,0.06741774897580909,0.10815835893650347
spot120,0.16762763103204045,0.042262496646720944,0.06706689195830196,0.08178873734907319,0.08395804786151102,0.18262970150064714,0.023675145365498074,0.05759681149063158,0.29339453679557576
spot121,0.1795569144821974,0.15777785754621482,0.07977545952937395,0.10247858264215506,0.1314136224889046,0.057466078001815316,0.042055989948065094,0.16319667440214672,0.08627882095912705
spot122,0.23010906206428663,0.053335528919089784,0.07675825323034265,0.13255789226107934,0.12175255577836534,0.08305873192767307,0.029057924972115415,0.09057407629520477,0.18279597455184307
spot123,0.16021508813040952,0.04459864964165662,0.0627904979471716,0.12899350669132117,0.11950709475703977,0.09578886030782434,0.03386988254470205,0.07394683021713314,0.28028958976274176
spot124,0.17884905163288503,0.13685958421765992,0.07043642320096398,0.17433833631339649,0.1708144505712667,0.07605718502333081,0.03122743651368896,0.08734648746072804,0.07407104506607995
spot125,0.1484511011964278,0.3081311432488012,0.05749917105235702,0.11589378630964353,0.12346966559985459,0.06566726495572396,0.06269658738815274,0.05569972868480601,0.062491551564233215
spot126,0.18336678593479813,0.05740310572748583,0.0661750580604799,0.13031133818380766,0.12453480999177961,0.0795621531635052,0.029328129010444542,0.06754999995647368,0.26176861997122536
spot127,0.18714410154264213,0.13462936912898377,0.08080570264816622,0.1875647091224645,0.16126786752372357,0.1002558846712306,0.029575251766922696,0.07957501569299574,0.03918209790287085
spot128,0.17486466465888847,0.03501884200893784,0.06372700510180002,0.3208695428187641,0.22824069275042252,0.05473951871624671,0.029487337674044132,0.06196614946656783,0.031086246804328168
spot129,0.1708219504760372,0.04331326535632659,0.07050464263667512,0.30916919678359334,0.19285213427019784,0.059511507544094656,0.042640712633814304,0.07953225278719066,0.03165433751207033
spot130,0.15806038267537448,0.04088135843241738,0.0608406747804585,0.25328940048296605,0.29550440706115955,0.05192986737555924,0.04033170278014131,0.061182585643404376,0.03797962076851905
spot131,0.13864894487085588,0.03320144074510307,0.06618976115644287,0.31610742928106267,0.26995949115941814,0.05484666739213835,0.02830081836385482,0.06472909303104646,0.028016354000077726
spot132,0.1803018220533132,0.03963729476893789,0.07816619080522517,0.279203023518534,0.2171498858831911,0.059188665414784104,0.040142748479866805,0.07403025857580664,0.03218011050034127
spot133,0.18114724310363822,0.2287672525686136,0.06771716301077164,0.0994738103154703,0.1098944635329578,0.17150035615043904,0.030636949031649163,0.06938491611092208,0.04147784617553807
spot134,0.1547686233447033,0.03749836530602182,0.06811255929965215,0.32835553824722036,0.21656462741169616,0.057370843854920875,0.032118122131596816,0.07055861670339685,0.03465270370079175
spot135,0.2541300843684596,0.045221872531912344,0.08316536162018535,0.20629945349451345,0.2075470244693786,0.059523287896082425,0.027676533923531022,0.08424498466543813,0.03219139703049923
spot136,0.14402558595033232,0.04041137590497243,0.07296299655151432,0.26167331217570405,0.16750928783192415,0.1554850902986863,0.0319985957139062,0.06909753087920908,0.056836224693751006
spot137,0.15933636456174793,0.12274345336775759,0.07514600823205672,0.21229019620713868,0.1823574910020287,0.0912021092282895,0.040099883843763805,0.07880369609732592,0.03802079745989115
spot138,0.18785517527741136,0.04400068895114582,0.057903505794255315,0.2503197423125829,0.23944872160034375,0.09860555540828432,0.029524170066881527,0.05909979162412173,0.03324264896497301
spot139,0.1485546022492926,0.039902205032945,0.06781331527029306,0.28446624122523045,0.23981158484445683,0.06914181773673699,0.028286339961040474,0.08870032505581711,0.03332356862418743
spot140,0.19863803059231086,0.23813867802589275,0.08375369861718897,0.12070879311638305,0.11996300928384726,0.06226896944867016,0.0756956746545451,0.059256677299141094,0.04157646896202087
spot141,0.15613926814967202,0.035302410078239116,0.0587181573247499,0.2788719226342781,0.2950236985447782,0.05715227034114402,0.028837106307635838,0.058728657398831895,0.031226509220670877
spot142,0.1542162729487258,0.03483772452296481,0.06495497713913934,0.28309311565719025,0.23699240109654432,0.052728238391213066,0.02413496769840794,0.11863261174795892,0.030409690797855545
spot143,0.14995709488799988,0.0386529335004049,0.058117106687812864,0.30225763593155874,0.28618841900323083,0.04921401323522263,0.025069529296643633,0.061559698763888275,0.028983568693238326
spot144,0.17160891443973733,0.03943048201147627,0.06791397269056235,0.2851668045967128,0.23859191089720122,0.05281947883713127,0.029212942031004926,0.0835001111843739,0.031755383311799903
spot145,0.1337074545099225,0.042427732008004974,0.05504536414575673,0.3112904306787822,0.2936032351352328,0.04759998158668274,0.025235424458469498,0.05994835664282655,0.03114202083432209
spot146,0.14242706483227077,0.03197433198112234,0.0552082200945792,0.32946168197571923,0.24896692761938644,0.05336059321885998,0.029013178360330256,0.08079912371518738,0.02878887820254433
spot147,0.14437102606988902,0.03868266316158491,0.054705298166137874,0.3496193742738908,0.2557236294563768,0.050538544838208736,0.024557782802750176,0.05634046284444232,0.025461218386719345
spot148,0.20341750071694065,0.037068997783225276,0.06896988579504466,0.24358126195462232,0.23505278536230056,0.06581934080115014,0.02972525935606387,0.07801883815423928,0.03834613007641331
spot149,0.14490572049029257,0.16168800820485407,0.06874069215296022,0.19099929206640665,0.14116755532788988,0.10251123931162327,0.03662489387373439,0.06405353448745121,0.08930906408478766
spot150,0.17327419065819655,0.03353504062997778,0.06065555063998391,0.3047047218138413,0.25911424375330877,0.051607557803807796,0.02492694590527706,0.06172677708149488,0.03045497171411199
spot151,0.1549013394808933,0.037253225502098884,0.06775586520555216,0.2660271174130425,0.256392635986343,0.061942304747274704,0.03348576701580333,0.08895334955006222,0.03328839509892992
spot152,0.14006996171034092,0.03570863794412215,0.05098245458792632,0.340825336707862,0.2605148677139088,0.0569074001214777,0.027939329391168187,0.056009181043469886,0.031042830779724036
spot153,0.1632611919547737,0.09734906585234494,0.07183966528379838,0.23139211109942773,0.23956319108017865,0.06504172350978286,0.03315501412043754,0.06694585580538136,0.031452181293874885
spot154,0.1546327283023654,0.03771080358039573,0.06449926011816064,0.3142448118674644,0.24950034150669692,0.060307525325276876,0.027944899804025383,0.06196639613127583,0.02919323336433876
spot155,0.1426780813151591,0.04213345998708456,0.06213983623752366,0.2811250810859079,0.2654940717072199,0.07956018745035902,0.031005061143971866,0.06527217289487246,0.030592048177901628
spot156,0.17843359619347834,0.0505685782040898,0.07445914121885702,0.2259098129851387,0.2214958121685872,0.07062428385489272,0.030357133515933773,0.10811013775925192,0.040041504099770586
spot157,0.18061202617694294,0.03366059443995401,0.06825824181123388,0.24765711340851956,0.2352013713244067,0.055418739723909385,0.028899278473225896,0.1139048484183673,0.03638778622344034
spot158,0.19060478474832557,0.03659375413079552,0.06799557927216698,0.2649831362160723,0.2421662979536322,0.06977861940247976,0.02701462697978597,0.06791189003294887,0.03295131126379291
spot159,0.13860564014877017,0.04161678508294246,0.05700682541585772,0.3410686678007668,0.24823017114390084,0.04828003005226638,0.03694654699498956,0.061996911938944424,0.026248421421561738
spot160,0.1728797901536214,0.030138487732500496,0.05555050268018622,0.3143351168123534,0.26838344097865613,0.04399659995822045,0.0331724698738986,0.05508350785245403,0.02646008395810941
spot161,0.15100096315827904,0.054241087357539304,0.06003866760725882,0.27408653354563617,0.234739088696204,0.06883293174101181,0.03663343701402183,0.07907786245004782,0.04134942843000112
spot162,0.15261712386660298,0.03829635095365861,0.05420921013569932,0.30716828665084533,0.2673941471435795,0.057346977310668706,0.02420336889051354,0.061489715842287775,0.037274819206144234
spot163,0.17001514944588944,0.08883972178061633,0.06012002292409646,0.2548249570835514,0.2307911697409523,0.06617083151811698,0.029416879012675683,0.06124833792700573,0.038572930567095674
spot164,0.1543547280239321,0.05524456126766043,0.06807546658606226,0.2596545338611773,0.21860400387116752,0.05582791617654304,0.03215931521064081,0.11565630902421824,0.04042316597859821
spot165,0.1464255136504624,0.034657814182929646,0.045775127568816215,0.3782603497585286,0.23400562897093624,0.04909793620262443,0.026208262870359246,0.0539000136557353,0.03166935313960775
spot166,0.16966514810406066,0.03911089140858692,0.055199627620848804,0.2654143362622315,0.2955209179709934,0.060751917383825384,0.024969166381561263,0.05920291568652081,0.030165079181371346
spot167,0.23546114511600016,0.08015646941539092,0.07882303593983057,0.18489436004646922,0.17198354257747522,0.060057056534735836,0.029427916009172904,0.10428298856987071,0.05491348579105448
spot168,0.15825518270060598,0.03831695795715453,0.05721920543573431,0.27253129653958746,0.26873220507568296,0.07493676545639094,0.029861575666391554,0.06998102227344385,0.03016578889500841
spot169,0.13546722509623693,0.10776580343157838,0.05831204482720079,0.28422543727072125,0.23351409007120352,0.057424796882405565,0.028036110120577707,0.0620200890874089,0.033234403212666956
spot170,0.1768335990923473,0.03255017262305278,0.06862537012657452,0.2865461782060338,0.24710996481234626,0.054658216324905785,0.02721212506511793,0.07453057931007452,0.03193379443954711
spot171,0.1717942978124582,0.0707975768596767,0.07050184755231353,0.23515106681084436,0.22473744887521171,0.06615502167551891,0.032100874310108454,0.07430181250643901,0.05446005359742907
spot172,0.20288069363831293,0.03456986668807075,0.0700479686357087,0.23853113823385008,0.2550200990739587,0.05531628357187594,0.026660781483868693,0.08612451509362368,0.03084865358073056
spot173,0.24408060571684945,0.0788211502722301,0.08821176716734914,0.19431223166853978,0.18281738125398442,0.06253158543230795,0.03432948891933984,0.06779412801866297,0.04710166155073631
spot174,0.14425309117103916,0.03634198149161475,0.06041520037142496,0.30659986810808804,0.24140251306562846,0.06740775978217214,0.028583054541525054,0.072982732327687,0.0420137991408204
spot175,0.15185281911752024,0.04261834126119123,0.05696305079220783,0.2683878417816576,0.2099464228012443,0.05712944113237144,0.022568933126840128,0.15036559808294403,0.040167551904023276
spot176,0.13282999181402944,0.03184537006535838,0.05222038276306967,0.38592695097234414,0.2439659542797055,0.04625474846007411,0.019849104680028908,0.059112475862588186,0.027995021102801745
spot177,0.1313225157516819,0.05553963820794853,0.053666706504908304,0.3511101846814916,0.24563018703086603,0.05127479322617555,0.027767254026816193,0.05651124288056773,0.02717747768954412
spot178,0.1313684014566875,0.03869804968896362,0.05765857708521166,0.34176171959593155,0.25411697304747083,0.060320998601616445,0.026971469062025202,0.062371458852565134,0.026732352609528033
spot179,0.15364122261876115,0.044304046806283116,0.06745027923553795,0.29996607376648204,0.23300400350229855,0.06572099043753316,0.02673786316038111,0.07346523457593296,0.035710285896789803
spot180,0.15912601213035785,0.03759378353024651,0.06659132579760518,0.31988875934833555,0.22721987933229432,0.07320979831792364,0.026007089594173496,0.061674196083087954,0.028689155865975598
spot181,0.12609237918283206,0.0316713052603601,0.05911288852338792,0.43217368115669647,0.20558993925376254,0.043070606208307625,0.024242683528335793,0.05768235693653726,0.020364159949780466
spot182,0.12072176673514248,0.03955260305398706,0.04787051001427292,0.4111692726009448,0.22948671938905046,0.05018540986703909,0.028026876218181108,0.049430085383485596,0.023556756737896554
spot183,0.13091947699216813,0.03770423875433286,0.053595921091709395,0.3216668004378673,0.25813571186912154,0.0847818149070436,0.02938998818240488,0.06117948157628209,0.022626566189070267
spot184,0.13117383230068588,0.0448285418932795,0.06129866324342536,0.33727814897942887,0.24227901317221046,0.06081072703213027,0.02727006163298384,0.06298062401811996,0.03208038772773579
spot185,0.2127485569391752,0.04861202634945556,0.0713112609578892,0.27053985233011824,0.1969677872031741,0.0523928379208382,0.030055185472974207,0.08034304031242927,0.0370294525139461
spot186,0.13605717217161495,0.03635030941779808,0.05725129227204624,0.33328957359950995,0.2633906160787038,0.055228189743851665,0.0329651868752354,0.05741150207772881,0.02805615776351118
spot187,0.16154493949992546,0.03956516962257286,0.06414421306153001,0.23600797118120032,0.2035940036176035,0.06447007769665901,0.028141706438348287,0.1619760142951931,0.040555904586967444
spot188,0.3138317832562154,0.041548934642976335,0.08532858784149012,0.173679657023302,0.16692850695443992,0.0591733273051544,0.0326972105377994,0.08117313872936632,0.0456388537092561
spot189,0.20327962745083294,0.053750191212771255,0.08465904086043466,0.2206417364937251,0.19455949658818758,0.07059709021916868,0.04013107162479475,0.08617371264131356,0.04620803290877141
spot190,0.1454293214449785,0.03701560495654601,0.06604756635575224,0.305296309278763,0.23667378016493537,0.05930090952626183,0.02624746725082342,0.08840033063292597,0.03558871038901354
spot191,0.15014906035098682,0.030920960260237374,0.05611227425375536,0.34682080505615565,0.24852536433612196,0.05206942519331982,0.02814806586274671,0.05905208913990354,0.028201955546772677
spot192,0.14837130781833013,0.11748667405273243,0.0621350824959283,0.26246794386846667,0.20808192415266086,0.0600362293483197,0.03632953740362256,0.07347424846288901,0.03161705239705023
spot193,0.13016703883541056,0.036854802876292156,0.055062772135898254,0.3508197979801263,0.2665729404533623,0.06296936269000288,0.022384100335681393,0.049823328515285745,0.025345856177940492
spot194,0.13110162831209635,0.033798837667978095,0.05526270483834583,0.32037917106258035,0.29775920074095763,0.054094403527048536,0.024823428747304917,0.055544018091404704,0.02723660701228363
spot195,0.13971360873851224,0.09125087682818617,0.05606953584327088,0.2951175665383967,0.24307643484015934,0.05885054237096444,0.029546899090901396,0.05700684107925372,0.029367694670355157
spot196,0.24757304200171906,0.03668879948313895,0.072576971445089,0.21083967790158853,0.1977063794687894,0.09232896184883735,0.030807525972557915,0.07035099307243356,0.04112764880584632
spot197,0.18462782734660835,0.041227979214453356,0.07154139346781095,0.2571595363600363,0.2277175383333097,0.058213722188916066,0.031241111768495596,0.08837557381612506,0.03989531750424461
spot198,0.19195803324928878,0.04367384399980549,0.07051011838938785,0.2765032481405967,0.23841805572574756,0.054859762863967494,0.028738403471395408,0.06527907338854343,0.030059460771267494
spot199,0.14137328849658912,0.03819934334341277,0.05534832094997034,0.3343621633524724,0.2314446141125555,0.06746682004085365,0.02341827139884069,0.0677777338374991,0.04060944446780641
spot200,0.12777796821678783,0.03371991671891932,0.049743403973685735,0.3448082388357471,0.2669284815728849,0.0608336466420082,0.0313740231580157,0.05952343719579851,0.025290883686152465
spot201,0.1952253709047413,0.06348372754607251,0.06809621610040541,0.2968988145883888,0.1813710295410641,0.05289026939720399,0.02456436213576953,0.06982032664985371,0.047649883136500676
spot202,0.15101652893424047,0.040306804479809076,0.06049434904501495,0.27770815223399514,0.21967180279280543,0.1154989323398078,0.037708651639136295,0.06463561144127253,0.032959167093918156
spot203,0.1689367925725918,0.05088791466939524,0.07367189387621097,0.2274903118163571,0.18633650932699491,0.06473917174754337,0.08372633209245854,0.09936765590792379,0.0448434179905242
spot204,0.1918746657989312,0.03335984705227242,0.06915002257248032,0.31010655655966074,0.21357932693126513,0.055785786551843505,0.025467241816426744,0.07034473938456773,0.03033181333255228
spot205,0.13116054432406204,0.03481033276076002,0.04845343500163789,0.401480213273664,0.21697823297231245,0.05623912978065046,0.02741038645630338,0.05503167481051995,0.02843605062008977
spot206,0.13191669285734212,0.03909384933425645,0.05914910068004827,0.3356774322676113,0.25829598159126366,0.05679435118047974,0.028997905192815893,0.06421422865394842,0.02586045824223418
spot207,0.13979599550267457,0.0734632576279591,0.06027543949370862,0.28225268880844107,0.23255005456079816,0.06014639901067036,0.04603961150121183,0.06552465724018255,0.03995189625435366
spot208,0.20654070011361458,0.11564428076836628,0.07577377097396347,0.17872460364619142,0.1581487875560695,0.10220451881010308,0.038449420326393285,0.08399930570970242,0.04051461209559612
spot209,0.13380138889020443,0.09720798953104387,0.0566618259416886,0.3115741259795185,0.2346209688854896,0.05779651319638582,0.0270972090728143,0.05481554119863054,0.026424437304224446
spot210,0.14032204910360427,0.045089799830232806,0.07003462350180459,0.30914433563413524,0.23105888909760564,0.057158964686057336,0.042494482101781396,0.06540193775927383,0.03929491828550477
spot211,0.13995437731047644,0.04161346073802629,0.06664291917350319,0.3067152213929384,0.24352717661838427,0.06350133340095622,0.037746142685321435,0.06886247977689414,0.03143688890349964
spot212,0.22856354589462674,0.05912930226470313,0.0909875249000795,0.16245082557983662,0.15248028602276456,0.07440994015697527,0.03251400229575908,0.09722828079068968,0.10223629209456553
spot213,0.14032496583218965,0.0343176606339031,0.05451091371849481,0.3587520249050844,0.2537796235783571,0.04643718485088078,0.025475990173653547,0.061061685117236135,0.02533995119020062
