"","Astrocyte","Endothelial","Ependymal","Excitatory","Inhibitory","Microglia","Mural","OD Immature","OD Mature"
"spot1",3.14793301050371e-09,1.1732581048259e-09,0.00577972667913095,0.60421883130903,0.387568003432192,0.00243343208254559,3.90637590176848e-10,1.13893299331644e-09,6.46339660287652e-10
"spot2",0.520724843710985,0.000569075429637524,0.311529576082815,0.164537571103711,8.58669659803674e-08,1.86999428677121e-08,0.00250422431723095,0.000133752577217166,8.52211493758407e-07
"spot3",0.418090758244219,0.0122859322785805,0.305003098240902,0.247818286073351,2.99200625304093e-07,8.15047130121508e-08,9.49280470230043e-08,0.0168012194976779,2.30031883972028e-07
"spot4",0.0238715540352171,1.68878655497669e-08,8.20712435600868e-07,0.166878085357283,0.809249288194693,1.52808349310788e-08,1.21733297503139e-08,1.86350739349755e-07,2.10076015163033e-08
"spot5",0.0687713282251158,0.199316559533244,0.125140886468522,0.0552245370181503,2.7773631110263e-09,0.00658121177472931,6.60176646489623e-10,9.77190010855139e-10,0.544965472565509
"spot6",0.00924725633575484,1.45371928808293e-10,3.83729275192939e-10,0.163812263715073,0.826940478804904,6.71087991708070e-11,2.82271553226118e-10,1.44765479302876e-10,1.21021649481594e-10
"spot7",0.145022312051484,0.00171320555539071,0.00859659873841227,0.81542765949315,2.47292995361171e-09,0.00368721806069474,0.00109894186143216,0.0244540614589855,3.075215388639e-10
"spot8",0.00946163041970271,4.15973032758831e-08,3.14725184159169e-07,0.655865088156094,0.30461253575599,0.0211903419432923,0.00886995780438181,5.76402222604562e-08,3.19578297770939e-08
"spot9",0.0298987742629247,0.0086080281946475,0.00203192815072125,0.199899472810996,0.351551864769899,0.000221898255077066,0.00385455922711002,0.252111271883953,0.151822202444672
"spot10",0.374377915639076,4.66503744692797e-10,6.49589103801428e-09,0.116259493432425,0.484679896300221,3.77823417221861e-10,4.37489065163964e-10,0.0246826860657236,7.84847821564393e-10
"spot11",0.0994099719623708,0.00375064183596416,3.54783587865186e-07,0.638728147201088,0.0675334955622556,0.0006996091032603,0.00527488186734817,0.184602867926794,2.9757331259697e-08
"spot12",0.180788675230476,0.00392341873586458,2.01693359488223e-08,0.402810624034657,0.398232963957729,0.000359076198708231,0.0138852155928524,3.34450704792169e-09,2.73587028886776e-09
"spot13",0.00444827867604993,0.00225117731792159,0.00179019251018712,0.585335089896865,0.401581740269513,1.01735351268661e-07,0.00459285315794443,4.17228082194766e-07,1.49208085651787e-07
"spot14",0.0389729598374138,0.00173214431011189,2.69084730299308e-09,0.753605773556423,0.0801501610510078,5.48529605406992e-10,2.45358031555204e-09,0.122558691995909,0.00298026355617721
"spot15",0.0891257599436497,0.00592641222789922,3.40128116107586e-10,0.539244504624407,0.216557302198326,8.1674291342329e-11,0.00114630565890551,0.147999714862612,6.23986344664687e-11
"spot16",1.84773489392271e-08,0.00183175443055851,0.0141986053594082,0.70738717980313,0.240129825008811,0.00265611541683275,5.67984836791152e-10,3.79685291453671e-09,0.0337964971390731
"spot17",0.220464301734136,0.00382237421284406,9.3049407671266e-08,0.702835734764732,0.0727831052312327,9.4353835019906e-05,1.81866161912033e-08,1.22600702087761e-08,6.72594105324228e-09
"spot18",0.0598085517542488,0.228912149761979,1.40905075475052e-07,0.181572733915639,0.467230329986412,0.0624760517886576,1.25935101339108e-08,1.2642397529651e-08,1.66520802040542e-08
"spot19",0.0116933561289261,1.9251387815348e-09,5.72002702179124e-09,0.903939713908493,0.0812899610296822,2.05601586261667e-09,0.00307695677566569,2.1075841797546e-09,3.48467271514079e-10
"spot20",0.0163599318093855,0.0168159962045122,1.46377818545902e-07,9.02229034609035e-08,0.537123121056682,5.97029391026951e-09,0.00083359314075017,3.28843745961028e-08,0.42886708233328
"spot21",0.0265724661374541,6.85762197238476e-10,0.00141479250232773,0.686727011847518,0.28333993051224,2.91371314669846e-10,0.00194579552248512,2.06436990174566e-09,4.36471328264058e-10
"spot22",0.411248792939799,0.00386500268065682,3.67163642722763e-07,0.0882629598223677,7.76903667080625e-07,0.000649675239453204,0.00503677051815778,1.8700664695438e-07,0.490935467725609
"spot23",0.163885102397025,0.129305466497704,1.14766443631572e-08,0.214474826674138,0.435846145896562,3.66910962668996e-10,0.0120989681879423,7.93783810348212e-10,0.0443894777092901
"spot24",0.0400854826615283,0.13828421141116,2.38143421960384e-07,0.396935194055337,0.128253301039981,0.0459843191739311,0.00222391481820399,0.186491035047838,0.0617423036485977
"spot25",0.352474723375458,0.0106319260120718,1.06967360009949e-08,0.458620782956533,0.104684575690192,0.00962973818205857,0.00733951093265486,8.39020028179809e-10,0.0566187313152759
"spot26",0.0269920836039132,0.00707456049547542,6.19899341515116e-08,0.785887869091395,8.20626328290082e-07,3.06852712654176e-05,0.00699443186722011,0.173019479615023,7.43944567959787e-09
"spot27",0.0332530909776307,0.00236596347467826,7.88456837841174e-08,0.693043923489901,0.264176243092527,1.66609802841171e-08,0.00102281070132312,0.00613786506815439,7.68912212088575e-09
"spot28",0.17531129647365,0.137680291497071,3.53240990959921e-09,0.242288019133267,0.2090493009166,0.0141016527065044,0.00608353891959093,0.215485896343613,4.77294004085593e-10
"spot29",0.269229970685298,0.00881310967450913,4.69676135554351e-08,0.706920130152629,9.70701270503192e-07,0.00633322987861597,1.29935056587379e-08,0.00870250335594703,2.5590611076127e-08
"spot30",0.83768276215489,4.3327999257641e-10,3.69877680984446e-09,0.154714529655471,1.64042830692883e-08,0.00665485075756278,0.000947834850039407,1.25534155521442e-09,7.90354875434524e-10
"spot31",0.0700639253597994,0.00845536885227925,0.0163723286082606,0.564903352770882,0.333189155938378,8.74523218784604e-09,0.0070157815935995,6.71496481655335e-08,1.09819209218268e-08
"spot32",0.0377315993244271,0.0563743844810552,0.0289182856632422,0.451801955551386,0.299665037576893,0.0449912932338399,0.000502287346278224,4.79341876058733e-08,0.080015108888692
"spot33",0.14101732804118,0.245213152725034,1.95176523673518e-08,0.102086530369146,0.496169930458672,0.00598205093091655,0.0095309817176273,5.49662460397154e-09,7.43147166816751e-10
"spot34",0.0595712461877307,0.00310669143623421,8.56913546828789e-09,0.478300348348201,0.376988341443149,0.00131616404883924,0.00042714229909266,0.0802900570937545,5.73862953411838e-10
"spot35",0.0565339605920202,5.51492904577452e-09,0.00889544789678916,0.736263795365752,0.187833343506973,1.2211837966178e-07,0.0104733018751307,1.17636588454391e-08,1.13663670414872e-08
"spot36",0.00194706897438765,4.30911952206675e-09,0.0380063367365517,0.950722491633788,0.00932408024485183,2.53408789497561e-09,3.55188554672975e-09,5.94586959602227e-09,6.06945847791465e-09
"spot37",0.0640839008852478,0.195508843348491,0.0328044749695893,0.527246050052236,0.175693574739139,6.75895188507542e-09,0.00466311365157069,2.60449717553893e-08,9.54980270365494e-09
"spot38",1.33431974896589e-08,2.89449127337365e-09,0.0266626682990795,0.738248374848315,0.0904188374222769,2.25420171957876e-08,6.3277736330979e-09,0.144670067118263,7.20458693491815e-09
"spot39",0.300241288994253,2.9541318947772e-07,2.49259431049755e-06,0.696041957540761,9.77788811068121e-06,0.00370291513061692,4.39730714917851e-07,5.05525085136126e-07,3.27182958493108e-07
"spot40",0.286797433324295,3.9528037860091e-10,0.078650817107184,0.37776183782865,7.16115102958146e-09,0.114476884270162,0.000505173512638168,2.76476387776242e-09,0.141807843635875
"spot41",0.200945094192474,0.00585788753737376,1.79406902975613e-08,0.201496660913904,0.493616984690655,0.0220697431624949,0.00197400665141395,3.8465192894879e-09,0.0740396010644743
"spot42",0.0545901193927966,0.00134485438826423,1.49145044806027e-08,0.523416958094717,0.420648043125069,4.1461495505811e-09,1.15771089954367e-09,3.41092981140952e-09,1.36985886204492e-09
"spot43",0.0810122274510332,0.00140036253686369,1.95194108514136e-08,0.384099405372225,0.493850978411813,0.00278751684331847,0.00904001100793644,0.0278094694613645,9.39603465520382e-09
"spot44",0.17045613729883,0.000512323321181973,4.91981001919854e-09,0.428275541376661,0.39233361363319,0.00347814453611277,0.000468136260525394,0.00447608644036352,1.22133261813675e-08
"spot45",0.250218819959055,0.00268883672918191,5.75713878978309e-09,0.319327116650703,0.427059836278978,0.000705382889820194,4.0324676080508e-10,7.82564851824126e-10,5.49311259282976e-10
"spot46",0.0346930976470056,0.278001456413785,5.91748764252269e-08,0.096309632889244,0.377430402341383,2.75733765298958e-08,0.00790632753279132,0.205658984087568,1.23399700055944e-08
"spot47",1.07740171699083e-07,4.57080450063775e-08,0.00521345728314192,0.59527409822834,0.398038938675881,1.58068606718515e-08,0.00147316972985337,1.01256515187227e-07,6.55711913164881e-08
"spot48",0.153500489505128,0.013253135157218,1.8051926004317e-07,0.553956134539768,0.257831182525871,0.00101125843293535,2.5784927160849e-08,1.102374838245e-07,0.0204474832974082
"spot49",0.0634034806234858,0.0934686409830534,1.69118257695519e-09,0.719005707522198,0.120214862876257,4.53484424775197e-10,0.00390730515345932,4.27032115673335e-10,2.69847381191123e-10
"spot50",0.220784462768181,0.0459552520142038,1.26135930899749e-06,0.217839530992187,0.464618263178247,0.000840709915424068,0.00128238873577031,0.000303341672892305,0.0483747893637856
"spot51",0.137232024789906,8.48566219063956e-08,1.76218868610242e-07,0.633433147664085,0.229334371736928,5.52648089281047e-08,2.97081301667361e-08,7.94704439770766e-08,3.02902077388787e-08
"spot52",0.0208308209728072,0.00274487094906701,1.2783476880998e-08,0.971174073121263,7.69969265945973e-08,0.00217991604215502,2.00674406581637e-09,0.00307022378017659,3.34738341150591e-09
"spot53",0.0170989655076328,0.000645973647318012,0.0085391323659932,0.530001719126496,0.439830189951133,0.00327812757789096,0.000124884919756557,0.000480704590723662,3.02313055458643e-07
"spot54",0.552851002257887,0.19268882592924,8.17506315308676e-09,0.21231438451864,0.0206871240938504,0.000394347277067136,0.0074528064892844,0.0136115004541054,8.04861916482267e-10
"spot55",0.0937138153899774,0.00260220725492337,0.0273183570480318,0.190384625355395,0.684548194771006,0.00143277629030772,6.03304334116693e-09,1.08410340895293e-08,7.01628053848936e-09
"spot56",0.225267938080416,0.0504971087491988,3.80995304436547e-09,0.270678601950403,0.324726845631599,0.00341213031511355,0.0883853534980029,0.0370320172030903,7.6222249106659e-10
"spot57",0.0309218100439129,0.101139893077719,6.92898582883288e-09,0.0716543521658471,0.5316923444411,6.85676322298668e-10,1.46751486863924e-09,1.01180206496846e-09,0.264591590177442
"spot58",0.0192499279763111,0.000729098030063069,9.27319677969395e-09,0.562214277288389,0.407691403943057,0.00710821535274146,0.00300706417865114,2.0400952334159e-09,1.91749579581048e-09
"spot59",0.129998255468012,0.161687309243985,1.02554261453448e-09,0.0294385676234517,0.354237065150224,0.00581507699528061,0.257724391491357,0.0610993326670331,3.35113449289407e-10
"spot60",0.0520753049756342,2.45102811243831e-09,0.00995809353504929,0.463860962112273,0.330144171250203,0.0753696671462883,0.000399498297113234,0.0281170601478821,0.0400752400845287
"spot61",0.0250986618010027,2.23155798498819e-09,5.74947145657449e-09,0.454959829701481,0.393255103693477,3.6834826275457e-09,4.87835174628564e-09,0.126686386577195,1.68397999370975e-09
"spot62",0.252271047273671,2.63057593938697e-09,1.02457912400354e-08,0.258843250044273,0.395082018268766,0.0562429161276526,0.000446704954157172,0.0371140446917672,5.76334610700388e-09
"spot63",0.0572880260847515,1.16155877785018e-09,0.0372057287215611,0.449162145009314,0.380952298220514,1.00536366797405e-09,6.35812165794397e-08,0.0753917346947707,1.52094996554602e-09
"spot64",0.028166934216188,1.018553459059e-10,4.43639686938633e-08,0.626664705467284,0.295610276008997,0.00452317171759554,0.00977454158591517,0.0352603263395918,1.98605005181542e-10
"spot65",0.130164634187863,0.14677038365293,3.55088929174451e-08,0.138312970804388,0.525177584608893,0.0572109404490069,6.41492733707785e-09,0.00236343255826652,1.18148310453725e-08
"spot66",0.349166563224753,0.00474669188178722,0.0409547187653455,0.513002300360722,0.0839203221761061,0.00684970632716285,0.00135949395370055,1.96722505369464e-07,6.58791789056434e-09
"spot67",2.73767894727205e-08,0.00476590415333645,0.00639271841517131,0.191658336512599,0.787749899607421,0.00222789304002213,0.000372975906652665,0.00683224310569696,1.88231110902362e-09
"spot68",0.0364148272112121,4.76489148590486e-10,3.03630206834505e-09,0.162995997742516,0.781770361360321,0.00230512309405782,0.00210329985482897,0.0144103836168461,3.60742668330642e-09
"spot69",1.34380263287426e-08,0.00804478175498503,0.0270563389582969,0.359912761216053,0.604986089930848,2.60453855736762e-09,3.11617440539616e-09,6.47419890039509e-09,2.50687869407602e-09
"spot70",0.028496902684328,4.84701190990997e-09,3.79381247825917e-08,0.47989086072817,0.479400832114213,0.0012178783710274,0.00537872348644171,0.00561474884259298,1.09880902510583e-08
"spot71",0.0287005022144647,0.00278823021261055,3.96207878267023e-10,0.690853074295761,0.275244334221237,7.97239874607555e-11,0.00241385840842507,1.05169594683014e-10,6.63997323153396e-11
"spot72",0.0335704051297459,0.0390279185785356,1.59010842940429e-09,0.647154995852565,0.269202384430645,0.00118659873304808,3.48883648295436e-10,0.00985769488265285,4.53816145739484e-10
"spot73",0.0253593576003473,0.00312092060926701,0.00420650607699268,0.726147868571271,0.219681056343291,2.2426193495484e-09,4.67698934005572e-09,0.0214842814951368,2.38408636667582e-09
"spot74",0.0165068211992107,0.00247487352625479,2.69388080177706e-10,0.71838389460043,0.255817188703702,3.80653084142799e-10,0.0068172204313117,8.23130507380178e-10,6.59196330895225e-11
"spot75",0.0316920888724339,0.0453514123543337,6.45539746753304e-08,0.283954307492116,0.533091388455307,2.65219728571733e-07,0.00150196250725372,0.104408502524055,8.02079786202106e-09
"spot76",0.0134930604687174,0.00521467694479534,0.00140674176746766,0.446451905589696,0.519207408436304,0.00346345975539877,0.001174601007798,0.00958809740932846,4.86204943043327e-08
"spot77",0.510299507035357,0.00883757096952013,0.060461598671612,0.116249638938548,0.288177212923164,1.30172827181342e-08,0.0116111828522225,0.00436326418582556,1.14064678953434e-08
"spot78",0.0261724317907839,0.042053065689428,0.0634444374483381,0.846101579350062,2.86901622897385e-05,0.0221997936384586,2.70506279038657e-10,9.89863419275076e-10,6.60270035265895e-10
"spot79",0.0490488247705135,0.0157980257153874,0.0443182396907994,0.43165964252009,0.449094110091381,0.00331505700428526,9.73234480878642e-09,0.00376926032475926,0.00299683015043992
"spot80",0.201106003753587,0.314847776793745,2.61750537326354e-08,0.113032405680934,0.367050635409744,0.0039631378184988,4.33650699362756e-09,6.309532720648e-09,3.72239809369178e-09
"spot81",0.157734900443415,4.11220059149832e-09,1.02675657319833e-08,0.0940960428976847,6.22438526744118e-08,0.00248736333432768,1.826287330133e-09,0.208387148676264,0.537294466198402
"spot82",0.0779260437253854,0.0217060687560325,0.000896003582780231,0.807424963409995,1.74942062409822e-06,0.00197058084150074,0.0361621185622185,0.053912346951336,1.24750127449026e-07
"spot83",0.141460409204703,0.0040124766076833,0.0314638392404987,0.711755402394447,0.11130782788741,4.99714918550732e-09,1.24010559892682e-08,1.61313514596877e-08,1.11357017279175e-08
"spot84",0.00636368306361032,0.195976632984186,0.0305208353458305,0.38182257148992,0.245255245944597,0.0226816968515198,1.02021054056829e-10,3.22746137592515e-10,0.117379333895568
"spot85",0.0211453542284004,8.67859263731754e-09,0.0245139601240617,0.654281667937329,0.288079934076979,0.00374540758213359,0.00786685383129664,0.00036679133984314,2.22013637664336e-08
"spot86",0.0946278060682123,0.0161024810546325,1.94772047156082e-06,0.699131364531578,4.44081089820176e-06,2.6140034956416e-07,5.29081522595057e-07,0.190130740685307,4.28647028859136e-07
"spot87",0.0782754774830883,0.000673796082844167,0.0173645084202278,0.562137806703951,0.244933380250188,0.00544717432362522,8.65040931366678e-09,0.0911678415315741,6.55409202064437e-09
"spot88",0.237711904511929,0.014392533440441,5.41327806846687e-10,0.665322705099924,9.46737575255752e-09,0.00115438282386587,0.0177129044320961,0.0637055589127207,7.7031976200532e-10
"spot89",0.124099195877734,0.208174148517935,9.43888164418651e-06,0.340533873980134,0.117827061893964,3.0788186265327e-07,0.0317102495155649,0.177645345325672,3.7812548942784e-07
"spot90",0.0216090191261905,0.0794417111535135,4.21987766582124e-07,0.0296116171224599,3.05704398447705e-07,0.106151065818785,3.06090317011263e-08,0.0426885548367705,0.720497273641084
"spot91",0.167014206832065,0.00471852384400202,0.0859347991842503,0.310016770711605,0.326782884945821,0.00910491377563253,0.00287311376974384,0.00794199896943004,0.0856127879674504
"spot92",0.143140505871674,0.0940146686005956,3.20418580867346e-10,0.0662523655293972,0.262389800159151,0.00432687503613084,0.00483182197874395,0.158796131684808,0.266247830819081
"spot93",0.164501106614363,0.00962674858046456,3.21952827379472e-07,0.0301878504763911,0.0692576157447835,4.86559361533485e-08,1.68788643803105e-05,0.120330571023886,0.606078858086968
"spot94",0.143330306547504,0.0112422914497099,6.64965000014243e-08,0.198150401670666,0.0686164546884201,0.0864965361082971,0.00154288292765471,0.368756705236963,0.121864354874286
"spot95",0.0716993961820882,0.00386867393883891,1.13523360387133e-07,0.0349524404959144,0.718291552628174,8.36437481381812e-09,0.00435604130860779,0.0118395731674015,0.15499220039124
"spot96",0.0229964801557991,1.25727980412287e-09,2.08709714007306e-09,0.0942945659305702,3.47434735198571e-09,0.061777596471989,9.50159564564923e-10,2.93610148197595e-09,0.820931346736656
"spot97",0.0740033811193063,7.56984782321495e-10,0.0710690490334898,0.268476296067859,0.111695737834282,0.0198270643684691,5.67190659512131e-10,2.09296568776522e-09,0.454928468159453
"spot98",0.112325394614729,6.43684244412671e-07,2.8894358269691e-07,0.154220344718057,0.733303401626799,4.86518369442016e-08,0.000149635971327832,1.81270289928725e-07,6.05191330619607e-08
"spot99",0.202742188201634,0.184301637506323,4.04460811023401e-07,0.146483867184902,0.466471625146223,3.26856172730719e-08,1.95817607952353e-07,3.13491596412518e-08,1.76477216451363e-08
"spot100",0.0958253032507007,0.0189934119757376,1.65090145057511e-09,0.226249953726039,0.234485204161757,2.36496925141266e-10,0.00154349235818269,9.87852171925064e-10,0.422902631652332
"spot101",0.0415348546875776,0.00904057325822886,0.0547826824167094,0.213172682775506,0.659256147693154,1.34210574662732e-10,0.00348903590837568,0.0187240230126645,1.1357277476314e-10
"spot102",0.0410041868243038,0.013692106416665,0.0182181475850275,0.100913033620147,0.610239437690449,0.00320765264363643,8.39236143378597e-10,0.0142437398716744,0.19848169450886
"spot103",0.702310113061897,0.242480920927928,0.0429506771843825,0.0083696018616864,3.00756248379636e-07,0.00388783437954469,1.46109671417251e-07,2.77547975194729e-07,1.28170666731265e-07
"spot104",0.00983498052465527,0.00659361492246361,0.0133805116438159,0.78211032782397,0.0602582276706126,2.45574239598948e-05,0.000997164215340836,2.29243040671957e-08,0.126800592850878
"spot105",0.227171753220081,0.0195863998303809,0.0331956272619356,0.00243211389175223,0.71715909799065,0.000454653898420083,3.491790563329e-08,2.24892266159749e-07,9.40966084885738e-08
"spot106",0.284023377857776,0.264707360266119,1.03905397391903e-07,0.217106407939426,0.150396094979576,0.06410268500011,0.0196637671859415,1.70468668162538e-07,3.23969859604308e-08
"spot107",0.391598728965261,0.117966033319303,0.00482938120467757,0.0587894479733764,9.62549257004476e-09,2.33514913708167e-09,0.0403819936640245,0.319783505381753,0.0666508975309627
"spot108",0.171381794450458,0.248275487679354,1.55600578331352e-07,0.495294723597098,1.45764733302676e-08,1.18260095607261e-09,0.0722294989142042,0.0128183230205202,9.78711883903461e-10
"spot109",0.0589622233697316,0.101724242268834,0.0283285115727556,0.130002787906095,0.656404949923439,0.0096168433611785,0.0149604288812202,9.31860216698934e-09,3.39814362561754e-09
"spot110",0.119240220579666,0.0067030718785757,6.16910125413626e-07,0.0389024434009017,1.06248279873179e-07,1.76432445674438e-08,0.0170148787523482,0.818138627856466,1.67303926762472e-08
"spot111",0.0198191352368992,0.0802510996099658,1.51015523307446e-09,0.400364943575964,0.121636534229662,4.92461982511825e-10,0.00424256178784736,0.00739154799307485,0.36629417556397
"spot112",0.138134749066519,0.0147216113213393,7.54037155833077e-10,0.328166938447662,5.92514139269027e-10,0.221029272430668,0.00428113306094968,3.82731725554459e-10,0.293666293943579
"spot113",0.00645753432246518,0.00432860475961887,1.01312088044486e-07,0.0590018681195472,1.0474901251137e-08,0.0118846962882052,1.87432785978049e-09,0.347125138457838,0.571202044391008
"spot114",0.0201255971547089,0.159169732188104,5.20309739869662e-06,9.77540622031591e-08,3.97325591672633e-08,6.40274923793048e-09,0.00218237589482207,0.059253432648199,0.759263515127397
"spot115",0.0412043722780477,0.0653956876584891,3.45428521440718e-08,0.000883563769085713,5.01687052948973e-08,0.00377591332586047,0.00453661967978594,0.057339624640455,0.826864133936719
"spot116",0.0458112804306458,4.74756545428062e-08,1.55640373438041e-08,0.0108831996279592,1.1455151168039e-08,0.234062481069914,1.57653426678558e-09,0.0028486906125472,0.706394272187557
"spot117",0.131349246421016,0.118382067355398,9.57648029582753e-08,0.443684756870731,6.14514416366998e-07,0.00076863595099992,0.00474091247111545,0.0225155027525275,0.278558167898993
"spot118",0.266575793069126,0.725601361899898,3.80303393408133e-09,0.00782283227276221,3.48249447595795e-09,1.18202106540654e-09,7.74567713347525e-10,1.96192522180591e-09,1.55417109061285e-09
"spot119",0.0115476878353382,0.227384602882981,1.89601444285862e-09,0.547941776358601,6.42630872895576e-09,3.78787218262921e-10,0.00319254967088723,1.27289368983077e-09,0.209933373278188
"spot120",0.21182832618532,0.000862908796455606,1.126422326883e-08,0.00854930419970857,1.29054318295377e-08,0.163964811746171,1.280625100334e-09,0.0045407950298834,0.610253828592181
"spot121",8.84487954660467e-09,0.377966435385118,0.120296256717316,8.78670309535641e-09,8.8885099624599e-09,1.37596908900524e-09,0.00620587537151686,0.495531355704923,4.89250648201542e-08
"spot122",0.337732543448444,0.0163531681067952,1.56240314730801e-08,0.0485073307112942,1.67536176332774e-08,2.35481639285685e-09,4.19427297823463e-09,0.0471716847363796,0.550235234070348
"spot123",0.157124514792694,9.37619516344628e-10,5.23592177721249e-09,0.0807479700909539,3.91772797191871e-09,0.00640266384531191,7.64668198149784e-10,0.010306022247465,0.745418818167638
"spot124",0.269048555921368,0.327212612637133,9.96558499701082e-09,0.265821260508898,1.09760957625056e-08,0.0129580334159036,3.74969829893104e-09,0.0882027068349551,0.0367568059903638
"spot125",0.0982510660643647,0.712897423739918,5.08138417824171e-09,7.16633977603498e-09,6.21817402181075e-09,0.0149070083102604,0.173944475856863,3.39052491955904e-09,4.17217051333705e-09
"spot126",0.149050989700576,0.00426819867061953,3.41211215032542e-07,0.115274004297397,5.39333143499906e-08,3.93271477312548e-09,0.00195651982525948,7.73932709839022e-05,0.72937249515792
"spot127",0.231956207305881,0.302756775084951,0.0204091951819922,0.348097027832827,1.80486395454515e-08,0.0713629595901093,2.59682154946177e-09,0.0254178101891758,4.16960199876737e-09
"spot128",0.181962824922368,0.00340418291126481,5.1210402700543e-08,0.806481540564075,0.00240022523639948,1.75054298084463e-08,0.00575113392212606,1.27419341204336e-08,1.09859997187603e-08
"spot129",0.158896103887054,0.0135628725712596,6.59611546385282e-08,0.739476801848289,5.93534307552838e-08,0.000980648413765713,0.0327124385607809,0.054371001223432,8.18083289899006e-09
"spot130",0.0185996321252615,0.00675385012282592,0.00323690319567756,0.0946247753188092,0.863909886419767,0.00209839772732932,0.00763054885615837,0.00314599665340061,9.58077087765247e-09
"spot131",0.0103010623793718,5.48135941360332e-08,0.0220390270658388,0.470953932127009,0.48172104830558,0.00304792785710464,0.0055612491628165,0.00637564859753004,4.96911544238168e-08
"spot132",0.210600110222286,0.0182979772720621,0.0221880579483519,0.516509050511494,0.204433907635745,0.00366322047188919,0.0237954018963195,0.000512264398106096,9.64374698065575e-09
"spot133",0.277428949230337,0.508287309664983,1.62136376194882e-09,0.0370370111849232,1.98841686715063e-09,0.164870902023098,0.0123758236936132,3.48977300025264e-10,2.4428771511749e-10
"spot134",0.112061126258514,0.0019347065822858,0.0169895629225992,0.74258777374156,0.0939868324119022,0.000539591547372117,0.00455948265161642,0.0273409235091076,3.75043119574226e-10
"spot135",0.469064427025736,0.00340617786232028,0.00451894823067626,0.149923006012986,0.362412270249821,0.00143836492335938,0.00483637593122145,0.00440041983152601,9.93235351717548e-09
"spot136",0.10111370435838,0.015948840991054,0.00434065531847954,0.590134865184569,0.0577941388077134,0.184910706631834,0.00993469145943568,0.0167780509591559,0.0190443462893791
"spot137",0.149414350126985,0.299685951316221,1.31375053913208e-07,0.352233184980319,0.135314738530982,0.0497296495805835,0.0118383984330036,0.00178357974701928,1.5909832137334e-08
"spot138",0.180857343821036,3.805141490046e-08,1.68972273341239e-07,0.280943686237637,0.482033147096842,0.0561653431851258,6.00565851034768e-08,9.24451617037695e-08,1.20133925067683e-07
"spot139",0.033248038991198,0.00513208556560755,2.1193686216964e-08,0.441505181977886,0.408012128951042,0.00640637861269422,0.00144508319400935,0.104251080055619,1.45825833330767e-09
"spot140",0.259112507883111,0.592310290748772,3.6060170476844e-08,0.0380790078550053,1.2646546125324e-08,1.12709323317507e-09,0.110498139214504,2.61598016736713e-09,1.84881785333775e-09
"spot141",0.0378715868330819,0.00357969836215223,4.53554098781948e-08,0.1904199735064,0.754564216759549,4.63841144736103e-08,0.00582059082241194,0.0077438308906009,1.10862801018496e-08
"spot142",0.021516789796694,0.00288835998810569,1.72565522553344e-09,0.560868763900156,0.19906358837131,0.000236919475569698,0.0030426053111307,0.212382971090808,3.40570835832445e-10
"spot143",0.0486415775480134,2.89410449457363e-10,4.70196798721586e-08,0.220840027120472,0.727042028773748,1.18768230061218e-09,1.88716458755582e-10,0.00347631750560476,3.66673223643089e-10
"spot144",0.121213675679165,0.000956973262477391,1.49779291219954e-09,0.421927410241176,0.379218568629438,0.000548509542200954,0.00409890527715664,0.0720359555600226,3.10570917906807e-10
"spot145",0.0123350864936139,0.0282713926920922,1.32930425217712e-07,0.440097141182763,0.519296193726976,1.67996482562895e-08,3.07330764449351e-09,1.34411622911818e-08,1.96600107161414e-08
"spot146",0.0158827746017717,0.000934091744323719,2.91391823945796e-08,0.616621458936807,0.268519633998617,0.00143660142801186,0.0036844705789748,0.0929209381295458,1.44276609582341e-09
"spot147",0.0424856502403931,4.14594450334066e-09,0.00325425997345307,0.709147137918878,0.241800161000584,9.68958128144328e-07,0.000449403257920866,0.0028624085340121,5.97068600265914e-09
"spot148",0.258215928229439,4.44146947985836e-11,0.0182560751633615,0.232274052429138,0.433543270480591,0.0115503269231375,0.00739657042542951,0.038763776144364,1.60124803559983e-10
"spot149",0.10148902047604,0.375570542120875,4.61005217477453e-07,0.334754634012874,4.16658558835541e-07,0.0536190724517888,3.57896845202783e-08,7.65912161766038e-08,0.134565740893745
"spot150",0.160151512292528,0.0023290084058894,0.00304486979179461,0.545958777864823,0.286353813823491,0.000405904262739679,0.00175609686595655,1.50119650769698e-08,1.68081310469738e-09
"spot151",0.0548719862644251,0.00389301053845015,2.34888567769256e-09,0.207622595584458,0.620793254188845,0.0025496714033079,0.00672427608780072,0.10354520330654,2.77286611510637e-10
"spot152",0.0368095512676015,0.00930119967028753,3.46939311230489e-10,0.464365614646755,0.471798581103566,0.00412957506383874,0.0100348981671264,0.0035605796389423,9.49440410785734e-11
"spot153",0.078063245980522,0.141068039532441,0.0425105513164965,0.167708777138684,0.554472034029571,0.00436368312653736,4.04986090177212e-10,0.0118136678955689,5.7519290033365e-10
"spot154",0.0908277207904765,0.00538293764291324,0.00765307212372477,0.565014512768425,0.316725637254674,0.00425014740258246,0.00156345054221303,0.00858246180376979,5.96712218500025e-08
"spot155",0.0519532097969776,0.00167655624904287,1.04811736919579e-08,0.145458778966039,0.762080896162854,0.0320980442351988,0.00673248320773202,1.27347524975541e-08,8.1662295906969e-09
"spot156",0.128197535900743,0.0337024802011147,2.67515499245238e-10,0.109152142050303,0.554769672715041,0.000608267839921204,0.000831893692806308,0.172738007239323,9.3232578061539e-11
"spot157",0.131852433659321,0.0017816396678191,2.74209739856376e-07,0.123752569420587,0.540760837349223,3.8211942862976e-08,0.00459499900791132,0.197257176038011,3.24354451792928e-08
"spot158",0.199350285322286,0.00347099558792603,8.14327062563053e-08,0.214670495928138,0.572311543110647,0.00762203717004119,0.00257452301471435,2.47536545783156e-08,1.36798863301268e-08
"spot159",0.0383886079589472,0.0111144356499938,2.59340136657968e-08,0.641623520031478,0.269964197444457,1.45324754545123e-06,0.0368216095259325,0.00208614497213117,5.2355009647834e-09
"spot160",0.110379552826773,0.00177199427032551,3.55360576245319e-09,0.427630406419142,0.448731230273641,1.62835012536281e-10,0.011486811467133,6.42489494948752e-10,3.8405580989201e-10
"spot161",0.0486661101820409,0.0507080027809249,1.85931838196479e-09,0.387149482375189,0.447345474623038,0.00413735280187668,0.0202802987193895,0.0417132751986885,1.45953389436639e-09
"spot162",0.0472188325028559,0.00216909815640788,9.23739125864333e-09,0.504198818627126,0.4391223636498,0.00216961371045433,0.000208072373722498,0.00491318870023826,3.04200326373628e-09
"spot163",0.115102134746319,0.148282318271739,8.97743214535571e-07,0.293813208404651,0.431165283175234,0.0116340548228834,1.07836264924326e-06,7.19443670108311e-07,3.05029639563776e-07
"spot164",0.0326647419329602,0.0330713477320713,2.21792157607023e-09,0.388853953870943,0.302339981114314,0.000567357715633721,0.00891763167862229,0.233584983140949,5.96584329549399e-10
"spot165",0.0203161451557167,0.00212277186455543,8.22980442157074e-08,0.976330084296404,4.29283437819064e-06,0.00122632671626223,4.28864968155698e-08,1.64048771325464e-07,8.98993712166548e-08
"spot166",0.08013152625078,0.00557507731007865,3.97199636441599e-09,0.0891934889676478,0.816979579591129,0.00537356564979632,0.00274675420931375,2.2868650142212e-09,1.76239354134655e-09
"spot167",0.524921437772676,0.106161649484488,3.69955957546734e-08,0.109265879011936,0.171691724388794,0.00184667372169208,0.000703311447436998,0.085409267551436,1.96259455838655e-08
"spot168",0.0945570504258531,0.00231165780237159,1.1262743031823e-07,0.209720821421277,0.665767710113854,0.021957580037892,0.00568496283134519,8.19333427944754e-08,2.28066341578548e-08
"spot169",0.0512670652867874,0.179792928944865,5.64447542246501e-10,0.500088013940449,0.268098983050392,1.40593396809517e-10,0.000512019594177238,0.000240988368748479,1.09539479641831e-10
"spot170",0.208732991649363,1.48319192158351e-08,3.03565317070156e-07,0.429505052805189,0.356854587923286,0.00105775247754371,0.00384920269860028,5.34941798800558e-08,4.05546011355842e-08
"spot171",0.143944070604218,0.124429662078907,4.65008814539499e-08,0.146184859190352,0.527471120257719,0.00286252231683006,0.00731126162578815,0.0066891880843147,0.0411072693409894
"spot172",0.274333121875977,7.08175665059983e-09,9.48537731302281e-08,0.109374436655335,0.614892317014306,4.36105068831347e-09,0.00139998722235883,2.17674074735093e-08,9.16803505067852e-09
"spot173",0.442413362904702,0.103931995038143,0.0325446756123465,0.185542720740777,0.222670990407379,0.0014466109772102,0.0107723693597267,0.000677274180872654,7.78843046656176e-10
"spot174",0.0195410798958314,2.1081682195055e-08,2.60182131663091e-07,0.554227763138527,0.406067797781139,1.95422897686834e-08,1.58648939967399e-08,0.0103696211833108,0.00979342133019468
"spot175",0.019889069734448,5.17357215582968e-08,7.34328193428543e-07,0.439229258250287,0.238450058196304,0.00188617370514334,1.78683051963e-08,0.300544563940973,7.2240625114799e-08
"spot176",0.00646097664559653,0.00165676717521999,0.0138228783787594,0.68913088048221,0.272507219522499,0.00051240016405074,7.72628925024722e-10,0.0159088743384687,2.52056671602992e-09
"spot177",0.0116963332454824,0.0339748105777611,8.62476320836984e-09,0.697976681514894,0.25182046134782,1.88494538528959e-08,0.00453165771281312,2.64961027847831e-08,1.6309089530581e-09
"spot178",0.0241820997848136,0.0081228072862221,6.14150480972281e-10,0.562398743384258,0.403817715284992,0.00147863234801174,1.1582489971755e-09,1.02568308266128e-10,3.67353187020217e-11
"spot179",0.0662051718276295,5.64325931095889e-09,0.0266440032737255,0.574376422499213,0.320310413848147,6.63489182282262e-08,1.5204422146099e-08,0.00642315229236269,0.00604074906232254
"spot180",0.122143269811928,0.00283126065808191,1.23527741984429e-07,0.602153016095215,0.260198390121021,0.012424426027007,0.000249483399563666,1.55159435012039e-08,1.48434987906359e-08
"spot181",0.0416137649325862,8.69807686430941e-09,9.55925494792486e-08,0.952289238961941,7.6029405819291e-08,6.56854237452585e-09,0.00609679193101361,1.17419952378658e-08,5.54388920498369e-09
"spot182",0.0210654197002252,0.00284621400853646,8.4049402232659e-10,0.966449578805458,0.00577738765110046,0.000743059922548893,0.00311833605165519,2.69875549988894e-09,3.21225764358092e-10
"spot183",1.78579160993134e-08,2.11355145413631e-10,0.010439303092205,0.599198910095203,0.356350301547841,0.0340114661477567,3.08157687786874e-10,4.83831233321851e-10,2.55734123683064e-10
"spot184",1.44171801088664e-10,0.0249713717888426,0.025987262163859,0.740971858382823,0.198023102338648,0.0067699246658295,0.00310934751960113,0.000167132909852336,8.63732479180291e-11
"spot185",0.38048414286187,1.29629928957895e-08,1.07088038416656e-08,0.594001156806811,9.42732675072774e-08,1.3220243379596e-09,0.00297515740915336,0.0225394193879718,4.2671049407628e-09
"spot186",0.0433046372764909,0.0111152014064756,1.76769181888687e-09,0.578312065102822,0.356088240062529,0.000758891061980474,0.00383825855153723,0.00658270401386307,7.56609520382725e-10
"spot187",0.0590403162743899,0.00568685217573462,1.51905281956951e-09,0.268409802528147,0.343034501853173,0.00948596894151412,7.72387381665684e-10,0.314342555509935,4.2566607975303e-10
"spot188",0.682421528776478,0.0180505094106785,4.69175159484271e-08,0.210576148299665,0.0733854491003571,0.0120221790856966,0.00354408813265837,2.81143265505186e-08,2.21626237469758e-08
"spot189",0.304837866302598,5.31743930148629e-09,2.59161834209021e-08,0.66425276161068,4.75615869031626e-08,4.21426491889342e-09,3.98514257248192e-09,0.0309092819099828,3.18212188941176e-09
"spot190",1.5592124378774e-08,0.00925036845868808,0.00944269891552955,0.599719791294497,0.280129713388526,0.000750546180215964,1.30295501442738e-09,0.100706858217814,6.64965068306336e-09
"spot191",0.103553809934834,1.4807040038857e-07,9.54533960821889e-07,0.460298409168509,0.42960647457858,0.000643284855886078,0.00589597314870248,5.98604421865465e-07,3.47104705445264e-07
"spot192",0.0896124973809544,0.209991415437648,4.42418633132958e-09,0.427748184636493,0.22767158239929,0.00213415554805036,0.00650584426831963,0.0363363147093929,1.19566602853727e-09
"spot193",0.0512622581848653,0.00172948154385235,3.03356259201702e-08,0.523158371870423,0.420389058119314,0.00346078113281382,3.01547652467682e-09,8.99295352514104e-09,6.80467599962523e-09
"spot194",0.026395535480016,0.00389977666659829,0.00523110178797461,0.196887645065037,0.762497307681848,0.0045654641545593,0.000523126434754715,2.1523933807956e-08,2.1205278643254e-08
"spot195",0.02961695911399,0.119196063708125,7.900197401429e-09,0.558200419991574,0.280534937027306,0.00336141080204051,0.00909020014021192,7.52993835787939e-10,5.63562000331945e-10
"spot196",0.405421705026963,4.5697511437144e-10,3.71892008168897e-09,0.228531532438061,0.317849092934888,0.0449988209312308,0.00319884264634563,1.05142787653203e-09,7.95188180184062e-10
"spot197",0.195222953255267,0.00174590548320017,4.85099928010512e-07,0.236795583669405,0.43651259402068,1.10369648440643e-07,0.00564058935404308,0.124081684314527,9.44333015678975e-08
"spot198",0.25535307307924,4.54955603569375e-10,1.51216099989402e-09,0.298843341482169,0.441151293352056,6.40250900003718e-10,0.00217545875608665,0.00247683041284382,3.10236710775585e-10
"spot199",0.0444260333210186,0.000477703009326814,6.0324413650027e-08,0.755072851765301,0.131219504626001,0.00838248343749841,2.92088243246658e-08,0.0396874469947727,0.020733887312843
"spot200",0.00627091553579641,0.00449024178840907,4.53983007638282e-08,0.599997920532807,0.382773615683719,0.00109312046811744,0.00537413545628806,3.37119975220196e-09,1.76536258786122e-09
"spot201",0.311107964743589,9.04159963746065e-09,2.35919305193003e-08,0.679505673214089,2.87147727687216e-08,0.00013130893655618,0.00152540030624539,1.13372254871829e-08,0.00772958011399164
"spot202",0.0754440983131297,0.00888238516710196,1.71604466221696e-09,0.660642991608188,0.151080199028264,0.100482365673265,1.95571945125318e-09,0.0034679559762133,5.62073999393616e-10
"spot203",0.156198976740673,0.0299320475356707,1.43642710284133e-07,0.332609363464345,0.138235740548684,0.000840106413399826,0.181678899700312,0.160347074167647,0.000157647786558728
"spot204",0.251408124529648,0.00435669971678431,0.00460993250087512,0.739623448629353,5.50441417684424e-07,3.67539909763536e-09,6.16996368593406e-08,1.16873484297661e-06,1.007204317922e-08
"spot205",0.0203031625419463,0.00501326587828743,4.4833040116755e-09,0.957565744186354,8.59136238240506e-09,0.007369092522336,0.00974872021111676,1.06818140485592e-09,5.17111826347032e-10
"spot206",1.34382779950225e-09,0.00238855309952355,0.0129022135939366,0.398953179385448,0.557801434035325,0.00345615231377704,0.00322061119768567,0.0212778547370801,2.93395855588971e-10
"spot207",0.0180937718949548,0.163689850306501,1.55027110688184e-09,0.379978850953531,0.40128893219619,0.00124523124686808,0.0201174657838639,5.45491877515925e-10,0.0155858955223284
"spot208",0.448250987311371,0.23666266086682,6.33814393729827e-07,0.216330983821094,0.0182842212662959,0.0736828505902462,0.00678745730660976,1.40361828241244e-07,6.46613405530854e-08
"spot209",0.0410824014787396,0.140629694782625,2.2010080832593e-09,0.411656117326393,0.402715937164534,0.00150232338351998,0.00241352296102856,3.54628241048558e-10,3.47523572152977e-10
"spot210",0.0598856281418325,4.24164205793129e-10,0.0137529443744883,0.626237434012321,0.256653857956416,8.2282847353842e-05,0.0253314054250371,0.00927385915395578,0.00878258766443162
"spot211",0.0328366215728481,0.00139120977216268,0.0124549563286878,0.438959287829838,0.487389622934018,0.00704605392790313,0.0115781455688279,0.00834410155801816,5.07696219974519e-10
"spot212",0.549052337469936,0.00801398853585055,0.0457948527834207,0.0905331709287746,0.028415502632333,0.00173830299902475,9.24776272995901e-08,1.61419388513169e-06,0.276450137979148
"spot213",0.0783508040022618,0.00314487460195115,1.19692563779753e-08,0.597025080497152,0.321479203773042,3.24591580299809e-09,1.64348928252589e-08,4.27423227934069e-09,1.20129663840685e-09
"spot214",0.0665928081633221,8.27023623169255e-10,6.08662567505868e-09,0.658591768709212,0.260441962526135,0.00265566392181767,0.00285261452823079,0.00886517394355062,1.29408224178518e-09
