"","Astrocyte","Endothelial","Ependymal","Excitatory","Inhibitory","Microglia","OD Immature","OD Mature","Pericytes"
"spot1",2.42405132231248e-09,1.38853636504098e-09,2.45287005853675e-09,1.18973103083673e-08,0.999999977592841,1.17016748110615e-09,1.56027999626691e-09,9.05377282822924e-10,6.08565989786266e-10
"spot2",0.451790507404634,1.34667584687592e-07,0.540799592894828,3.76298366810364e-05,2.17295490963266e-07,1.00825584801201e-07,0.000334941849844485,0.00578781383565412,0.00124906138969801
"spot3",0.438797814685437,1.87891281076879e-09,0.528018833994497,1.67147435627925e-07,4.53237167867075e-09,1.18570467364696e-09,0.00730949843969855,0.0258736776527365,4.83206421972905e-10
"spot4",5.5785697349754e-09,1.96891084525975e-09,0.00268959092814508,7.84949143089562e-09,0.997310386424099,1.63566733916516e-09,3.08310241496183e-09,1.55610353593847e-09,9.75910921164884e-10
"spot5",2.06181123781585e-09,0.175218490482699,0.213366185016785,8.18371654665026e-10,1.02004080008348e-09,0.000476345282625166,7.40376608059851e-10,0.610938974034537,5.42753436305021e-10
"spot6",4.12632690886823e-08,2.65756469806067e-08,5.06389154001972e-08,1.12758309210777e-07,0.99999969585752,2.06190518488067e-08,2.50496455299023e-08,1.67908091234416e-08,1.04468329114485e-08
"spot7",0.143740822353046,4.08607002810848e-10,4.84041940710689e-09,0.594569685520464,0.237506093092055,8.29821338368413e-10,0.0238785910987207,5.3989677879843e-09,0.000304796457898347
"spot8",2.29932497322343e-08,3.74411197811888e-08,1.07667102317407e-07,0.092794799073109,0.859615785254165,0.0475892086048483,1.64266100419567e-08,1.40773338599103e-08,8.46246224139121e-09
"spot9",3.32779320963597e-07,0.00693969612940359,2.12919167985286e-07,1.50581200852058e-06,0.354975409742713,1.29916823344568e-07,0.340460845057746,0.290923998119253,0.00669786952356314
"spot10",0.389825233590664,9.49919151443001e-10,3.8406396508935e-09,0.0528947587710072,0.538945385833239,1.10173986863386e-09,0.0183346138855897,1.34006365771602e-09,6.87138095274501e-10
"spot11",0.0579614711668931,1.23253123379483e-10,0.027424540432093,0.209010835475439,0.398833203732479,1.7490397445067e-10,0.304365987861414,1.18406584965967e-10,0.00240396091511875
"spot12",0.199886710585063,9.48339702795625e-08,1.52167375597531e-07,0.195180996955514,0.602930322024596,1.02965028644875e-07,1.78517401949626e-08,0.000928131477882491,0.00107347113882927
"spot13",2.18957978906886e-08,1.0264138325177e-08,2.51700195964189e-08,0.00629189824283844,0.993707999898725,1.14857267661069e-08,1.69818288890944e-08,1.06384164237811e-08,5.42250857935644e-09
"spot14",1.03143746536091e-08,2.32739027811527e-09,5.6581368811579e-09,0.176123801034483,0.618690656518707,1.60119753881576e-09,0.151408441405954,0.0537770798484545,1.29130236852155e-09
"spot15",0.0737362615026635,1.12163697282289e-08,0.00080008194077784,0.219885656798215,0.507028803211872,1.8338203252375e-09,0.198114399312179,3.2905473379315e-09,0.000434780893555563
"spot16",2.57246467113667e-08,1.08141625427705e-08,3.47508280085791e-08,0.142917694286936,0.763954591577177,5.37676103251636e-08,1.62503149290935e-08,0.0931275679688033,4.85952087587685e-09
"spot17",0.190130507754541,3.73432820018566e-09,1.85660089958876e-08,0.386221927336623,0.423647531561386,3.65017899764703e-09,3.44081437736769e-09,2.39222434236502e-09,1.56389537873926e-09
"spot18",4.62273089129314e-07,0.26251268140038,8.75848487103744e-07,4.78121851289238e-07,0.547094736148126,0.190390246021205,1.62459434345202e-07,2.51811444430029e-07,1.05915983324643e-07
"spot19",1.35648204213598e-07,8.24568052260824e-08,1.43515366333729e-07,0.387464741377769,0.612534013333317,9.4383284630825e-08,1.74495054717821e-07,9.63190589884759e-08,5.18471140313418e-07
"spot20",9.40765417088198e-09,0.00761620125587426,8.72306557677219e-09,2.86009094169733e-08,0.422384754072419,4.9145740854233e-09,7.90616882763302e-09,0.569998982233047,2.88628748583083e-09
"spot21",1.59466594695437e-08,6.6741777108646e-09,1.82439544402657e-08,0.221913917374783,0.77808602009645,4.02591463977887e-09,8.03624399503502e-09,5.45559925753065e-09,4.14621753974959e-09
"spot22",0.401538083516012,1.75838758312159e-07,0.0104252734993998,1.67065710308245e-07,0.034824818349823,2.06814071907423e-07,1.23337479474422e-07,0.551314197363324,0.00189695421542068
"spot23",0.124869013593875,0.198550878766078,1.49611042653515e-07,0.145748751083417,0.397589960277444,1.65005787001331e-08,3.34700837099094e-08,0.13284394700799,0.000397249689491756
"spot24",1.99542689352701e-07,0.129084492612757,1.61234559958583e-07,0.0792861656989138,0.28360956376785,0.115027467017939,0.206329775210859,0.186662134710106,4.02043254381722e-08
"spot25",0.308084861826071,7.21889638794664e-08,4.26929137307627e-08,0.136187254218182,0.402509313047662,2.95425004126328e-08,1.43223812260766e-08,0.152993303148915,0.000225109012410896
"spot26",3.45541485136843e-08,0.00412117386891679,4.37376164631508e-08,0.723908633748338,4.50423049108459e-07,1.63530387671754e-08,0.269737149598997,1.24973144497871e-08,0.00223248521858107
"spot27",4.68197458356799e-09,7.52593361309014e-10,5.1901068335623e-09,0.0517025783276509,0.945207870412828,9.84756482231515e-10,0.00249004472395063,5.66829564394369e-10,0.000599494359309134
"spot28",0.129656192576855,0.21652237812937,5.3728185685271e-10,0.0297041259356598,0.271933506057193,0.0181232721962858,0.334060523947398,2.53087624864956e-10,3.66868195464576e-10
"spot29",0.295599982467032,6.88547377942979e-09,3.4993817697568e-08,0.386065338300038,0.302048190136219,1.91259788453054e-09,0.016286434429522,9.79181920447124e-09,1.08348034560937e-09
"spot30",0.805875908830493,3.11844080465691e-09,2.11354536788629e-08,1.97287485754919e-08,0.172402879718435,0.0213250543987822,4.92415380051356e-09,1.25295603280059e-08,0.000396095615931948
"spot31",0.0682093622889676,0.00336259815935668,1.05835926768875e-07,0.290303494153845,0.637377483977107,1.26133758078116e-08,2.65903916451518e-08,0.000581887022146825,0.000165029358882656
"spot32",2.13794245484474e-09,0.0584879265179889,1.18112781795674e-08,0.0940595208026685,0.498188682139859,0.150389257794621,5.53426087451157e-10,0.198874597915296,3.26919443817594e-10
"spot33",0.0697140880763713,0.393562002576661,2.93263052003622e-07,4.95089416727629e-07,0.527482692810801,0.00229860264357063,1.53151748162401e-07,0.00694157150025272,1.00888126642061e-07
"spot34",0.0138359768552712,3.36489364420986e-08,0.0024307772783971,9.57919129221362e-08,0.859897278575728,8.66316679017673e-09,0.109283917383431,0.014551903059654,8.74350165574258e-09
"spot35",0.0207209310675659,7.73338660868499e-10,6.429947675138e-09,0.233080236491088,0.738696813593287,8.5661974527079e-10,9.36682294964544e-10,0.00335653393436181,0.00414547591710955
"spot36",2.32150119685156e-07,2.1703139722991e-07,4.38664328618092e-07,0.997403195537033,1.0598521465256e-06,1.39929837463468e-07,1.55211731092368e-07,0.00259444997950719,1.11643899666095e-07
"spot37",1.16277686639565e-06,0.275665825121525,0.0123657659315401,0.244060413009853,0.467906099850717,1.16867996828777e-07,2.80704869106252e-07,1.88656116542812e-07,1.4708051519257e-07
"spot38",6.22516703467148e-09,2.11446155608878e-09,6.27193710708862e-08,0.486907938392343,0.330586402633119,3.25815371829212e-09,0.182505578660543,4.72872093313505e-09,1.26812100827783e-09
"spot39",0.366547847645194,9.59526792074319e-10,5.62062478429732e-09,0.57866925078742,0.0547828910733157,1.00882482280284e-09,1.35568201631949e-09,1.02360371039209e-09,5.25808536310024e-10
"spot40",0.294597515927426,7.13439686615343e-08,3.41110679052081e-07,0.20700756887109,4.22641209810928e-07,0.256300155979134,1.74661618043258e-07,0.241941506151514,0.000152243313359446
"spot41",0.0824000316962219,2.14955487987317e-07,0.0125839176427089,3.23721828879848e-07,0.672130624813019,2.57490812021227e-07,1.65631842733237e-07,0.23197103438698,0.000913429661099204
"spot42",5.30158306359599e-09,3.23952619373714e-10,1.21244982351932e-08,0.0736146663222876,0.926385314404738,3.64272037278277e-10,5.40669137546873e-10,4.55317384146847e-10,1.62681726568056e-10
"spot43",0.0359494434639457,0.000365778971965703,0.00034403426584406,0.00331885557168365,0.922240057683702,0.000200708020863781,0.0375810729197363,4.37912056390096e-08,5.31105326210981e-09
"spot44",0.134535980095925,2.60465801703645e-09,1.12610556631293e-08,0.127446531196805,0.714315000747753,0.00276249775680273,0.000611163525708754,0.0203288095271854,3.28410689789909e-09
"spot45",0.176823052033403,4.98445543458911e-09,0.120095846811676,2.96701360206405e-08,0.702933060913269,0.000147993369552676,5.763306947203e-09,4.37217947769058e-09,2.08202173053761e-09
"spot46",2.51713771984015e-09,0.481081848923621,7.74852248646237e-09,2.67104417061922e-09,0.31761958857254,9.00153101273927e-10,0.201298526785523,2.09785696855507e-08,9.02889000345033e-10
"spot47",6.00788698795132e-09,4.31069602153824e-09,8.76491897120024e-09,0.0652987513260924,0.934618369648059,2.60166888886803e-09,4.28368659865417e-09,8.28507685103417e-05,2.28848043923272e-09
"spot48",0.0970282201328871,0.00891847706524969,3.16322855423164e-07,0.1694062721472,0.63612887330131,0.000939160824471015,1.21269115123899e-07,0.0875785237143849,3.52225269316918e-08
"spot49",8.57299667289916e-08,0.129409044922416,3.91331435743492e-08,0.433466853446347,0.437123932239377,1.0995693465174e-08,1.48629171693878e-08,9.18395311495661e-09,9.48618620730639e-09
"spot50",0.174123547823302,0.0565772145960002,9.21982496960206e-09,3.85555292893696e-09,0.61734259512503,8.09859441995516e-10,1.39755209021111e-09,0.151956625872035,1.30084336008706e-09
"spot52",2.70392281309083e-09,1.13513857246592e-09,2.56744621701897e-09,0.408304292791459,0.587938420967826,3.38433781046561e-09,0.00375727397541515,2.03771693031933e-09,4.36738018944055e-10
"spot53",1.10063050486093e-08,2.90812444182385e-09,0.156030181322402,2.70998778197116e-08,0.840817253590081,0.00315247772725123,9.14260685896969e-09,2.9435238208317e-08,7.76811351198577e-09
"spot54",0.563747257652253,0.260279753210819,2.6946593505668e-09,4.06246877954265e-09,0.142268599808042,0.00181892467748206,7.85963626368217e-09,0.0318854487713383,1.26330084776868e-09
"spot55",0.0997148427878509,6.08805756554303e-10,9.06466313272527e-09,2.95340283913782e-08,0.898572167030653,0.00171294908849046,7.44667270590122e-10,8.13510417225728e-10,3.27330911549616e-10
"spot56",0.0653931519416068,0.28647499143558,0.0253532665049478,0.0367645466505824,0.495125307838659,8.81000999352879e-05,0.0109420911932524,1.58001875526886e-08,0.0798585285352493
"spot57",3.45646743637528e-09,0.109202008652693,7.21736191847391e-09,6.05436456899617e-09,0.475630509799824,8.76376266990404e-10,1.38316724090876e-09,0.415167461770704,7.89041730846309e-10
"spot58",5.06172339545228e-09,1.93988713100611e-09,2.18634019139807e-08,0.0812320090738025,0.917102252983995,0.001665701217606,2.59445687083263e-09,4.19575080671967e-09,1.06937601241749e-09
"spot59",1.47060983166889e-08,0.661642254272382,8.99319237755164e-09,3.78026765568495e-09,0.242581970896207,5.64933688995348e-08,0.0152496240307911,2.1041903524104e-09,0.0805260647235018
"spot60",2.87587301770351e-09,4.61992740438773e-10,4.44939998690725e-09,0.312016595031135,0.399516132898139,0.145435349757029,0.0242411401390404,0.118790772587592,1.79979879935738e-09
"spot61",2.61424219811261e-08,7.30076853160076e-09,5.05587145823584e-08,0.0973951832866399,0.731670769521869,1.21186580632099e-08,0.170933923506967,1.69049655136937e-08,1.06589953536886e-08
"spot62",0.237451132538126,9.74246164990529e-10,2.89406374304594e-09,0.0452250657110248,0.507116190391178,0.194308236938842,0.0158993679840087,2.19159530976934e-09,3.76916129512638e-10
"spot63",0.0298669917171623,6.87628972669506e-08,0.0438134178324921,0.198009843849541,0.625212301437059,5.78613068742979e-08,0.10309721590884,7.80095949915516e-08,2.46211059679129e-08
"spot64",9.43985037657089e-10,3.21829577549276e-10,1.91214557628349e-09,0.183585505857042,0.77265321201098,0.00194157935659581,0.0379703003022285,6.98238132761973e-10,0.00384939859695535
"spot65",0.0582779267864586,0.193202084374426,3.53209290573752e-09,5.91832909651468e-09,0.567731653689005,0.180788321700403,1.81163647796944e-09,1.57051182590039e-09,6.17137595854405e-10
"spot66",0.437343119396298,9.10356710819914e-08,1.82052362505935e-06,0.235853713027213,0.308652442436525,0.0163203756711741,3.05294984535597e-07,1.35578079802172e-07,0.00182799703642935
"spot67",9.41071501435469e-10,6.57980246303017e-10,1.20096706476224e-09,2.96477296263455e-09,0.999999989148102,7.55854902728531e-10,1.82478108797067e-09,1.87588193932344e-09,6.30588420522341e-10
"spot68",5.55218448529276e-07,1.07551759647095e-07,4.62530449599494e-07,7.48056995719679e-07,0.962465444036454,0.00487944137982406,0.00823118623561017,0.0242269179215165,0.000195137068941993
"spot69",6.85912593972813e-07,1.0236913337428e-06,1.65898468948619e-06,0.0463734632480488,0.953618880317397,3.77161761009834e-07,3.71277565436889e-07,3.41801006491131e-06,1.21396545940722e-07
"spot70",1.13685219851014e-08,5.25944211181254e-09,1.03881627628004e-08,0.129541686120537,0.865771735355494,0.0018452772070496,0.000912478689735067,7.71944559618843e-09,0.00192878789161181
"spot71",1.92792511205926e-09,1.41958220095333e-09,3.36565030066601e-09,0.272315469670634,0.72768452095968,8.15821735782623e-10,7.25030945702325e-10,6.53509119406682e-10,4.62167010640982e-10
"spot72",1.10011853561898e-09,0.0542522466438774,1.4610081985357e-09,0.24532721085773,0.700420529325696,8.99683232245538e-10,5.69061194020914e-09,3.83088092143802e-09,1.903939827519e-10
"spot73",1.6269474948784e-09,2.20590193739201e-09,3.11752261955719e-09,0.379555803522616,0.592180242652189,6.13837945084424e-10,0.0228586972255346,0.00540524867321937,3.6223023498486e-10
"spot74",1.82040459084235e-09,1.45635968766981e-09,1.42068870589947e-09,0.434506007110813,0.565317448461037,1.14176314576072e-09,1.52458428607672e-09,1.43414330477335e-09,0.00017653563020542
"spot75",3.81304510030356e-08,0.0667999632580279,3.04824244361541e-08,0.0452051413332557,0.769809382095487,1.86414052665018e-08,0.11818534936214,1.42385861547053e-08,6.24582229950508e-08
"spot76",2.70060713840368e-08,3.62570246234058e-08,7.83921723480661e-08,0.0609208150573459,0.923583589316226,0.00380752310407192,0.0102939948665899,4.18350863459617e-08,0.00139389416541178
"spot77",0.616176431966677,4.69132409755466e-09,2.76370939023427e-09,2.76161221181897e-09,0.371900462108772,1.18991754926439e-09,0.0008590034304016,4.14205414020924e-09,0.0110640869455324
"spot78",9.66804808172774e-07,0.0588702788485833,5.19255493770582e-07,0.880591181610437,1.15577282628655e-06,0.0605355830263925,1.25251490047198e-07,1.25915304949524e-07,6.35146637787351e-08
"spot79",3.02266448187927e-07,0.00742292776776101,0.0202617276510961,0.0589685510655911,0.85500483951977,0.000693941941487934,4.15065535842771e-08,0.0576476665189083,1.76238380897664e-09
"spot80",0.136687314988064,0.456438176443497,2.98963174180816e-09,7.64517767133313e-08,0.393315207597915,0.0135592056446283,2.23975695568787e-09,1.26342994468265e-08,1.01043165817923e-09
"spot81",0.115091620250826,1.58416696228182e-08,2.85772480108745e-08,7.35900247461293e-08,5.13647923406466e-08,3.78639550829387e-08,0.239087108167924,0.645821056775128,7.56843173687873e-09
"spot82",0.0160921260331617,0.0786438945183293,3.22656785827663e-07,0.573403407847738,0.23260596579803,0.0010738360161502,0.0394357557547934,0.0395355147990331,0.0192091765759782
"spot83",0.146696343240569,1.96651389497175e-08,5.5706834498185e-07,0.468399053982736,0.378688808496699,1.04878611500522e-08,1.79496206763274e-08,0.00621518055990221,8.54912723601641e-09
"spot84",4.92731157932364e-08,0.205469661970828,1.25680280799843e-07,0.11165284813185,0.391599467958866,0.00807786443025342,5.08683573379794e-08,0.283199906154971,2.55314783754247e-08
"spot85",1.01586931322485e-08,5.97133431123367e-09,3.08052848433236e-08,0.464070382705538,0.532311951988453,2.44445354531132e-07,8.51397953925978e-09,6.72530737701157e-08,0.00361729815828909
"spot86",0.0543730118099161,0.00829305009162916,1.84033030054772e-08,0.229190082239034,0.452971253833626,1.40130402866117e-09,0.255172578995428,1.91362115677554e-09,1.31213899996756e-09
"spot87",0.0488256636205049,4.53632262106066e-10,0.0158420066400475,0.178794829311348,0.63538237723169,0.00288084484988029,0.118274276944096,6.63002711372827e-10,2.85797602941892e-10
"spot88",0.177669691833528,0.000563621927611271,4.81409663985553e-09,0.147372592672641,0.552983148259651,0.000592014409202178,0.0604627755035178,0.0398755496160813,0.0204806009636711
"spot89",0.0440277939501839,0.414681050980441,4.23102542715064e-09,0.0558745562720619,0.277446442325258,8.6652915008256e-10,0.207970145172985,1.20609539006315e-09,4.99542075890694e-09
"spot90",2.19676595301302e-07,0.108991390089364,4.8367319792275e-07,7.51425052835993e-08,8.94310304993784e-08,0.140154925363155,0.0157837439253555,0.735069016956924,5.57418731404556e-08
"spot91",0.152894434835284,3.13697134060378e-08,0.0987451822181853,0.0799800144754715,0.452208051417236,0.000629867112247407,6.64082097506609e-08,0.209987984489753,0.00555436767390003
"spot92",0.0675073567349984,0.096065387600789,1.56776737615769e-07,2.62939193104992e-08,0.213470519112464,2.16100470500985e-08,0.165762777989994,0.457193736967821,1.69132302885574e-08
"spot93",0.148090300520327,5.33637123515578e-09,1.60137129827529e-08,2.37540447797124e-09,0.0498190487349283,1.50212906817796e-09,0.146479572177907,0.65537675613167,0.000234297207550025
"spot94",0.0469121493017142,2.64822982568503e-09,3.61525288087444e-09,0.17048067338143,3.76672923578836e-08,0.150909984695496,0.393555627083896,0.238141519772729,1.83395997057933e-09
"spot95",0.0251302040640387,4.27333692943048e-09,4.53315945581568e-08,1.88319235136733e-08,0.674578972913491,2.60864413364898e-09,0.00208328877672154,0.297304775992412,0.000902687207837575
"spot96",2.5326053546828e-09,1.40332117579299e-09,1.90276102554487e-09,2.75975940227731e-09,2.88678939822408e-09,0.0436360314617169,1.69832060008542e-09,0.956363954252172,1.10255401744848e-09
"spot97",0.027434089351797,1.87799896987317e-08,0.0346534487243822,0.0861518860276768,0.190085032771044,0.0166531976535217,4.39225617227202e-08,0.645022262068722,2.0700305188883e-08
"spot98",0.0100673704781307,7.24583509605721e-09,2.00420592606772e-08,0.454179943031286,0.535444645788664,2.6080457824867e-09,1.04391379617752e-08,4.50943305378741e-09,0.000307995857407465
"spot99",0.195282899263457,0.254871406679786,9.04321190544417e-08,1.56722026553401e-07,0.549845241891808,3.3062711690288e-08,5.79631832758811e-08,8.87475619981473e-08,2.52373459324687e-08
"spot100",0.0726927468167214,0.0104069806772637,1.39288365369563e-09,6.64214427019759e-08,0.313934252062752,1.27061191215775e-10,2.25787997945698e-10,0.60250021713093,0.000465735145156738
"spot101",0.021519373057691,0.00224127891611729,0.0502205523925954,6.73799023196724e-09,0.913712198038224,8.76139285892798e-10,0.0096884700069832,1.56476076281304e-09,0.00261811840949841
"spot102",1.48042216233777e-06,0.00623236985882626,4.99254997272889e-07,4.32560113862643e-07,0.650833955385381,2.60763982883431e-07,0.00359635660253859,0.339334588096626,5.7055371944103e-08
"spot103",0.782225223611327,0.210872560536004,3.35753722631028e-09,1.52671976429851e-09,1.63841915184885e-09,0.00690220457541999,1.7299665998498e-09,1.83836455982853e-09,1.18624205661873e-09
"spot104",5.74374313270464e-08,7.14521567263447e-08,1.58177099357496e-07,0.502375421107293,0.236250414410608,3.81128069762143e-08,2.4448147525345e-08,0.259920218727187,0.00145359612727042
"spot105",0.277449506674974,0.00741266064505589,1.9841330480433e-07,1.02514989792083e-07,0.709945307004109,2.99876143191853e-07,3.6759473507172e-08,0.00519187771480757,1.03971414689008e-08
"spot106",0.155860796258714,0.308846070414189,1.77647123599555e-08,0.251760302046776,0.129288664681174,0.154244116278691,1.0908545200566e-08,1.56270227815776e-08,6.02017530934579e-09
"spot107",0.408938503580989,0.187382831714869,1.7118657572696e-06,3.06844481710237e-09,4.79421698995759e-09,2.50403837733386e-09,0.209371516219828,0.188804661397576,0.00550076485428057
"spot108",0.116579207066972,0.490157701737781,0.0100653444446078,0.383197731990507,1.30632360636905e-08,3.96371447199412e-10,5.93148168428952e-10,2.94581009612934e-10,4.12794693323408e-10
"spot109",0.0253415956425212,0.185073314856847,2.17079807255237e-06,8.56804687059362e-07,0.760720871803152,0.0222378316835284,2.00598234573649e-07,0.00662280032710621,3.57485850712578e-07
"spot110",0.117044962695016,0.0498115649522589,3.62636830450201e-08,2.00321046047765e-08,1.40422924549445e-08,9.21441861862937e-09,0.833143372465552,1.28653709312399e-08,7.46930402158479e-09
"spot111",2.12878516044244e-09,0.131872086321368,2.18829502261222e-09,0.36419195037807,6.89818479307557e-09,9.65605036412157e-10,4.84608743862717e-09,0.502702911701405,0.00123303457219902
"spot112",0.0378853910219615,1.61975209372176e-07,0.0136073541814204,0.154323722876815,6.22257281671023e-07,0.387868758575576,1.49095987111981e-07,0.406313784949716,5.5066032725921e-08
"spot113",2.31737581941302e-09,1.05798191705287e-09,1.87349051444091e-09,9.43986474348528e-10,1.08448789309194e-09,0.0108691959481617,0.266324366105563,0.722806430243913,4.25040180724442e-10
"spot114",1.87287260794882e-09,0.188619370471788,1.05853125186789e-09,6.92518352410208e-10,8.16517762373723e-10,6.59823064961548e-10,0.0274937742205902,0.783886846567779,3.63957918087419e-09
"spot115",3.46380354440595e-05,0.0915261153497727,2.19777684554302e-07,1.24317752285317e-07,1.18836749233295e-07,0.00128252081511444,0.0551319966848869,0.846599635529362,0.00542463065323417
"spot116",6.18794623392969e-08,1.21057306394748e-08,2.37054065779865e-08,1.10685223644073e-08,1.43051381693276e-08,0.0662792843248882,3.17650201888227e-08,0.933720554718714,6.12711807365183e-09
"spot117",0.0463188285711839,0.139786011414456,3.48457072174512e-07,0.114534984042567,0.223473884758242,2.49373749657572e-07,0.00579920313767101,0.47008617215325,3.1809180900176e-07
"spot118",0.176678000270851,0.773444391224101,4.8283596511471e-09,4.08717831091443e-10,3.32606029083338e-10,3.36212905379138e-10,5.58464049805224e-10,0.049877601615165,4.25522756044804e-10
"spot119",2.23922603574056e-07,0.226461123600563,2.57776383365447e-07,0.381551784543129,8.94028414450296e-07,1.01522757526615e-07,1.63574305930234e-07,0.391985206762643,2.44269199682122e-07
"spot120",0.139534961612922,5.69524067684426e-10,0.0081705572316781,5.12195479860233e-10,6.75905057984103e-10,0.113174790897887,1.44446750986819e-09,0.739119686790805,2.64615767804687e-10
"spot121",2.87241505178429e-06,0.879717985413454,0.082162652572037,1.05379386768949e-06,1.22378091751542e-06,9.83576162511359e-07,0.0381068644398445,2.46053171788111e-06,3.90347694675059e-06
"spot122",0.352269582366538,0.00250261574396396,1.20744865063195e-07,8.13664643964324e-08,1.16748220787625e-07,4.90857989028739e-08,0.0168514107838628,0.628375975888924,4.72713618702134e-08
"spot123",0.141530664732514,1.0257695165132e-07,2.94354064807194e-07,0.0177070089029493,2.11957379454617e-07,9.99074547233586e-07,3.9552728643553e-07,0.840760274464556,4.84097509901793e-08
"spot124",0.095808984577638,0.486757073354404,0.0713283843221048,0.128510366820146,1.46253296837898e-07,0.019638516477407,0.0152292710126392,0.182727238108946,1.90734188456862e-08
"spot126",0.148345380521471,4.40320389491795e-09,1.19669740661501e-08,0.0178353961988714,2.46884896328713e-08,2.24840711895401e-09,9.50710122008621e-09,0.831657457207369,0.002161713258113
"spot127",0.206453583869075,0.413042874735527,0.0393689744979878,0.139169450218659,1.38236306943308e-07,0.201964758742559,1.58189332171107e-07,4.17057860103967e-08,1.98047674680596e-08
"spot128",0.154876915977183,1.51332747644951e-09,9.13262067191306e-09,0.483983931487177,0.361139136009419,1.00609349143741e-09,7.55958192644719e-10,2.7403812124328e-09,1.37783941429736e-09
"spot129",0.179805214202853,0.0272794292806285,5.58550823518528e-07,0.721327825895966,1.79761557949264e-06,2.88339598576134e-07,0.0653246969965643,1.27757049985527e-07,0.00626006136093676
"spot130",1.17195802362618e-07,1.16778356400231e-07,8.06999677981195e-08,1.16556022243704e-07,0.954646178894015,0.00461835228665876,6.24704482777162e-08,0.0303618844829537,0.0103730906357759
"spot131",1.6148169804834e-09,2.12286466556253e-09,3.30780474188094e-09,1.60003695242838e-07,0.995741720311803,0.00132086206898159,1.81509369991586e-09,9.43823176999255e-10,0.00293724781111739
"spot132",0.2795356011738,0.0856866824648647,1.88153783165857e-08,0.384271514479636,0.25050617850805,1.05140411755418e-09,1.83223532679694e-09,1.02514958913059e-09,6.4948171389959e-10
"spot133",0.119744619580653,0.583001667723117,4.28848596048486e-07,4.1957681206827e-07,2.3666664919154e-07,0.297251815704595,2.48769545962857e-07,1.74881080620521e-07,3.88248951016612e-07
"spot134",0.121243296205293,9.73182268423909e-11,0.00647660507669804,0.374345503859701,0.465236994390711,1.91625094428535e-10,0.0300578837290086,3.23536964821343e-10,0.00263971612610796
"spot135",0.531466692079095,1.39234688517114e-07,4.64448888841523e-07,9.08918155295059e-07,0.460981012766057,0.0029936754274177,2.19970679846101e-06,1.41490172994261e-07,0.00455476592872632
"spot136",2.23597057073988e-08,2.13510593459188e-09,1.20332840304818e-08,0.244489714682979,0.209043810703367,0.539901125945193,3.20082262048708e-09,2.37054045972745e-08,0.00656528523413732
"spot137",0.0715681759468649,0.393479062614018,2.56530134969131e-09,0.081016272631158,0.345157230262298,0.10877924934381,3.800711403914e-09,9.8530711730929e-10,1.85053152727893e-09
"spot138",0.101658401047164,4.05231683440727e-09,7.60451169684334e-09,0.0797375715202255,0.661633517715465,0.156970451350784,3.91202187376854e-09,4.14314919093885e-08,1.36601937523061e-09
"spot139",1.07508781929119e-08,5.99036087782638e-09,6.21629331598801e-09,1.54697884409384e-07,0.843360430884643,0.00173355017965375,0.154140756664767,4.75906727236271e-09,0.000765079856452288
"spot140",0.137855894120502,0.862144086342254,3.0998957349545e-09,7.99003354872895e-10,1.30309635067968e-09,5.67688665280641e-10,7.13126421928702e-10,2.13089097771387e-09,1.09235419334036e-08
"spot141",3.95498380369248e-07,1.44743326938699e-07,2.65453974265355e-07,6.51586662387496e-07,0.984351828691407,1.15662073829099e-07,0.00645861565563421,0.00567352513721154,0.003514457571329
"spot142",1.02238477035078e-06,3.56347738780558e-07,7.66398176707774e-07,0.24137909869961,0.471547419548923,4.58065128256584e-07,0.283853030309883,3.55294872144627e-07,0.0032174929508977
"spot143",5.60611530769557e-08,1.09957615913988e-08,5.6178639450828e-08,0.038337088606595,0.961661993605528,2.33450525442319e-08,7.48947335701548e-07,1.56513473824613e-08,6.60858757760535e-09
"spot144",0.0798636554781417,1.32544940341272e-08,4.17363280167211e-08,0.0089943095625747,0.809649608304283,3.17320569292844e-08,0.0998568951076729,3.23989665442804e-08,0.00163541242548234
"spot145",3.63536621297365e-08,0.0419753167494337,3.1282826443033e-08,0.0644756803353539,0.875046091493509,1.72339367030642e-08,2.18507542285543e-08,0.018502795349144,9.35137928593717e-09
"spot146",8.72026654679105e-10,3.66647077642258e-10,7.77810208184279e-10,0.184778837908782,0.688654325024547,5.35197686899641e-09,0.126566827247924,1.76647479975143e-09,6.83811442646985e-10
"spot147",1.20784857140344e-09,4.26770948177247e-10,1.41850192268095e-09,0.231499113989917,0.768500841190622,1.25087915259807e-09,3.16946080086455e-08,8.30824596589315e-10,7.99002703293824e-09
"spot148",0.313191947978621,9.56208284979388e-09,1.1895663338743e-05,5.43522590774858e-08,0.593974834309619,0.0287973471206033,0.044761182598665,0.0149757783652967,0.00428695004951491
"spot149",4.290419673761e-08,0.383364602696274,3.49639063986066e-09,0.117408683818342,0.0626582461805842,0.12395625287706,1.90896529393166e-09,0.312612165463641,6.54545875031774e-10
"spot150",0.133093916041998,1.01041135569556e-08,6.75537499609302e-08,0.165467261620938,0.691854698275704,1.02734200561182e-08,3.97291901510043e-08,0.00922055480298118,0.000363441597906006
"spot151",3.88230513818238e-06,5.24554027032938e-06,4.83183985806316e-06,0.00468785981301854,0.854909066167151,0.0011310483246168,0.139256829774635,4.6072283265826e-07,7.75512479518657e-07
"spot152",1.6065030749821e-08,0.0120440221679405,9.00049179541465e-09,3.84615633971374e-07,0.97548371632347,0.00766407385807366,7.21858337780159e-06,7.27193421096207e-09,0.00480055211404755
"spot153",0.024952716229297,0.280543184407306,9.61293822667358e-08,6.82506403522127e-08,0.694503846799258,9.14435649432540e-09,5.61895704525562e-08,7.57096051884498e-09,1.52792290930889e-08
"spot154",0.0142449155622296,5.69703119892477e-09,2.09771990699207e-08,9.31009597381162e-08,0.978362417968429,0.00170749729034688,0.00450285503793355,1.14842863296007e-08,0.00118218288158474
"spot155",1.27918983730886e-07,1.80107392490833e-08,6.98086095666975e-08,1.48212109846696e-07,0.894009641259155,0.0925253441696788,1.89804694669871e-08,0.0104965329722655,0.00296809866798831
"spot156",0.100485632551722,0.0404942056364277,1.4570935391761e-07,3.9538848391524e-08,0.648423477393231,1.97776423769744e-08,0.21059641402491,5.71122807037858e-08,8.25558376136868e-09
"spot157",0.16305786507155,1.24962435695219e-08,4.79627454248786e-08,0.00524232510176291,0.590776817085671,1.23260145869078e-08,0.237241148125961,1.49568476960594e-08,0.00368175687320399
"spot158",0.178939281069783,1.32161787910444e-07,2.701433036657e-06,5.63520533205591e-07,0.808139203461877,0.0105718489219755,1.78177737626855e-07,9.64685272508961e-07,0.00234512656799636
"spot159",2.65734961720857e-09,0.0768021369345447,1.32158788550043e-09,0.26823242587417,0.654387737813948,1.42584923611469e-09,1.40220732562769e-09,6.16364129230764e-10,0.000577691953979804
"spot160",0.0230034888599133,5.37752399030454e-08,9.52076945879905e-08,9.98396803121464e-08,0.970883682504739,9.85424949925026e-09,1.67049541542391e-08,1.60372032284095e-08,0.00611253721632609
"spot161",2.38793584089817e-08,0.122404519641015,1.43328006678201e-08,4.17753771436183e-07,0.82063168319581,0.00369149817735328,0.0407793844877718,0.0124924556605551,2.87156378772873e-09
"spot162",2.82745272787212e-09,4.71477121916668e-10,1.79510134609437e-09,0.30623386787116,0.689704375531373,3.77703271692466e-09,0.00406174533097007,1.95700989787635e-09,4.38423565213862e-10
"spot163",0.0593455395889255,0.269766214495323,6.58652805974854e-08,1.81071050644359e-06,0.643252203845664,0.0270350419262051,2.84989036497995e-08,0.000599080566892446,1.45022998235273e-08
"spot164",1.08576017493566e-07,0.0788113773058439,5.93706394119765e-08,0.366218674140002,0.269738329333978,4.39999708749637e-08,0.281186450956719,3.27943993367275e-08,0.00404492352243022
"spot165",1.18698943914099e-09,0.00519315859546505,6.58154081666464e-10,0.462242276634557,0.52282583046353,0.0020040238765084,4.00902502360954e-10,0.00773470792022983,2.63664089054588e-10
"spot166",0.0309923934763927,3.23784959889126e-07,5.11613264119806e-07,6.19000658272585e-07,0.96051092247299,0.00718644735034531,9.19742386623459e-08,8.99187886697992e-08,0.00130860040836289
"spot167",0.447716803196639,0.170313968822825,5.49847421710668e-08,1.89009579501495e-07,0.272627467371573,0.00167821125260056,0.107663204279422,8.52031808068313e-08,1.58794377677901e-08
"spot168",0.0536941734517814,3.29847615187136e-08,6.00094494534328e-08,0.0345182981281386,0.852167405113952,0.0596199907172083,2.09141145231402e-08,1.34865193938749e-08,5.19407514129988e-09
"spot169",7.63169149536426e-08,0.305976552440459,9.91471072594572e-08,0.128841186773315,0.565181822077959,2.78401541595478e-08,4.10746852253216e-08,1.72154622568065e-07,2.21747820794619e-08
"spot170",0.141478426641803,4.02365154203156e-10,0.119585861524776,0.162353712353711,0.571980950337333,0.000772188655391132,6.86317819485097e-10,0.00382885857903126,8.19272022426804e-10
"spot171",0.081368946259005,0.173525199625831,1.2234123250748e-06,5.37196754765684e-08,0.595441024275171,0.00161572013464003,3.16552049871285e-08,0.148047761947481,3.8970666487669e-08
"spot172",0.35107440817452,1.07534523631796e-07,0.0691274597014137,3.62759734959517e-07,0.579796838357799,7.12886566341425e-08,1.36373134989939e-07,7.48606037503801e-08,5.40949612447139e-07
"spot173",0.471178828628848,0.141021151327765,0.0719932946902174,6.97749894616411e-07,0.311890426182103,0.0039141307603639,3.18325811610935e-07,1.36590096713411e-07,1.01574489988007e-06
"spot174",1.09488958766074e-07,3.35189160043056e-08,1.28756769078668e-07,0.397199077412466,0.556971702156605,4.46374069028318e-08,1.25393137758594e-07,0.0458287583548388,2.02809019394267e-08
"spot175",3.44498323228501e-08,1.68610047979004e-08,3.52504943737686e-08,5.47547409135346e-07,0.538997074072133,2.1968254048704e-08,0.461002137258641,1.26136308420512e-07,6.45592261933303e-09
"spot176",1.18417571692109e-09,6.02292776599293e-10,3.5039364645626e-09,0.232269072343884,0.750831702896782,3.61090947311353e-09,0.0168992145243935,1.04359260393738e-09,2.90033808352068e-10
"spot177",4.12189037944063e-09,0.0420812398907274,5.76387231796847e-09,0.131435847765055,0.826482887812629,5.93589759598118e-09,4.52723200265786e-09,2.36068382059138e-09,1.82201261697455e-09
"spot178",1.54302464744618e-08,1.94170354220859e-08,2.3430551057421e-08,0.198051885598296,0.801948015563405,1.90374894907611e-08,8.24009976450167e-09,8.55326589428143e-09,4.7296105368447e-09
"spot179",0.015559572218356,1.02903476359302e-08,7.58751748656028e-08,0.139068015648568,0.789878372478645,1.13449386968475e-08,1.35900399192647e-07,0.0554938015893955,4.65417601347549e-09
"spot180",0.0936086636078356,5.34347064675424e-10,0.002302797275697,0.32721280541231,0.576875729364668,7.62206587728931e-10,6.91320395866065e-10,1.75842162801216e-09,5.93193675372501e-10
"spot181",2.7298719412038e-07,9.39220791435149e-08,2.02823559759375e-07,0.670228283493749,0.329419489292509,7.32651654116603e-08,6.99928549740544e-08,4.54696143834647e-08,0.000351468753274418
"spot182",5.81122492006753e-09,3.67204289766854e-09,5.32993268897048e-09,0.684126559203371,0.315681996428073,2.43927368073704e-08,3.34852447643272e-08,0.000191363244870429,8.43250374702358e-09
"spot183",5.29814981511057e-09,2.54989445782359e-09,6.32502425356647e-09,0.29218809699162,0.648790013260674,0.059021867881192,3.41198748387822e-09,2.85319973891443e-09,1.42825900877838e-09
"spot184",3.48436721453144e-09,0.0224439022133041,6.31337154447869e-09,0.327980133754041,0.638840951963048,0.00801598471508106,4.60742254627287e-09,2.5246582272582e-08,0.00271898770278183
"spot185",0.392923393938212,1.98994632149232e-08,0.0373945133545704,0.262092078995739,0.284362785829651,1.47181783369242e-08,0.0154140640444915,0.00645703129363367,0.00135609792606127
"spot186",1.70539835249948e-06,0.00774518746276462,1.926721595909e-07,0.137040455668211,0.851078711643539,9.41643987273622e-08,0.00185078977752849,0.00228283229365954,3.09193862948634e-08
"spot187",0.00878448057245164,4.8436668185505e-08,1.53391598230244e-08,0.0882783922618688,0.409439325424921,0.0136559132713137,0.479841815996677,6.37635479987994e-09,2.32058494089136e-09
"spot188",0.717704759694545,6.4831164919045e-07,7.94466517946702e-08,0.0577522626076601,0.15152499235816,0.0011236982744758,3.28913888590475e-08,0.0683847573353724,0.00350876908009738
"spot190",1.04930587386701e-06,0.00152383406956782,8.77091642866513e-07,0.298267235702482,0.507930405640504,2.38870408137187e-06,0.177372898331341,0.0149009827797977,3.28374709761314e-07
"spot191",0.0674109909497465,2.0596961664963e-09,0.00891590052582168,1.94127602268628e-08,0.916782916056106,1.64329288602459e-08,3.06941779930971e-09,0.00417760742113262,0.00271254407239065
"spot192",0.0295075963294956,0.348026514631027,1.94935604167769e-07,0.0254892008597486,0.581796361694409,7.46981060532898e-08,0.0151799710816032,4.48194830101325e-08,4.09505229015001e-08
"spot193",2.07910135213107e-06,2.59278629917226e-07,1.0412062723227e-06,0.133053388721001,0.866942124712782,3.92569037525294e-07,3.12276779729714e-07,2.86296030561033e-07,1.1583811482429e-07
"spot194",4.96112269089209e-08,2.75756072106392e-08,5.66314981899284e-08,0.37187133538159,0.624584025845722,0.00354430900487658,2.83418764882697e-08,1.56340072881937e-07,1.12675296065255e-08
"spot195",1.29975315038499e-08,0.187180930708765,0.00346348927062191,0.180443467551555,0.625634730778391,4.59447260595367e-09,6.86438587717453e-09,1.21687627534969e-08,0.00327734506551491
"spot196",0.428137103706512,2.12349354740417e-08,7.36308043000327e-08,0.143560350770157,0.325370953495767,0.100433377184806,3.01973148283821e-08,2.88447232720715e-08,0.00249806093498014
"spot197",0.2078947807053,1.9507321602156e-08,3.85167427909582e-07,5.65107404942878e-06,0.599485645656882,2.61097548283917e-08,0.188065727688335,1.35043266209803e-07,0.00454762904766226
"spot198",0.280193966935188,3.24974403256436e-07,1.95473720878802e-06,1.15084623340354e-05,0.718966612935117,3.01556102299622e-07,0.000824347639228686,4.41218455768152e-07,5.41541962500418e-07
"spot199",3.75824579685504e-09,2.97310601921719e-10,1.35930723674316e-09,0.211503037096716,0.646922580960859,9.50306671697423e-10,0.0378806600186518,0.103693715288507,2.70096562769707e-10
"spot200",2.38928887123271e-08,1.16267746639068e-08,5.4085242939932e-08,0.196827948416971,0.802306823932244,2.27683379484854e-08,1.71588477183769e-08,1.91373106929649e-08,0.000865078981383359
"spot201",0.332541556845176,2.92699582264707e-08,1.50713169957421e-07,0.46629482583976,0.146534940250106,1.75697511722786e-07,3.50523398373728e-08,0.0546282765467586,9.7852198792971e-09
"spot202",1.25794438637638e-07,2.57137054181689e-08,8.09287411077358e-09,0.217587787615411,0.542611072643765,0.23980093745155,3.27793280339242e-08,6.41656558910025e-09,3.49236166568232e-09
"spot203",0.0792837456874598,5.44215768745254e-09,1.26462883190679e-09,0.018111026341651,0.348142581526573,5.39516725149595e-10,0.173394806620395,0.0576478229784495,0.323420009599169
"spot204",0.247108112510038,4.83966016501508e-07,1.05508135092098e-05,0.339659815577385,0.413216774763351,2.71793760033429e-07,1.42930170408658e-06,1.53416719716388e-06,1.0271070385396e-06
"spot205",2.44701905827928e-09,1.77468842440386e-09,2.20405296413317e-09,0.244065076021516,0.736721282716793,0.00787352368135929,1.53212647405624e-09,1.37827724223789e-09,0.0113401082441668
"spot206",1.8998577599737e-08,1.78274728794944e-08,2.16268388975423e-08,4.61846848241656e-07,0.977731521110671,2.17110592615236e-08,0.0189136353660934,1.5264194067388e-08,0.00335428624824497
"spot207",8.45573997971858e-10,0.191103212236187,9.68971252548506e-10,0.0293951419640817,0.702520974676417,1.68018533388822e-09,5.7826338335397e-10,0.0769806667725153,2.7780530211773e-10
"spot208",0.435828525532714,0.278791609388623,0.0385312805352929,0.00384224797759077,0.101646018844635,0.141359827525448,2.17342583127794e-07,9.90650519498123e-08,1.73788060619006e-07
"spot209",1.33726168653635e-08,0.178639758122602,1.63560264009816e-08,3.18986176790754e-08,0.821360155787755,1.34714208977067e-08,3.80457482849846e-09,2.99800384920458e-09,4.18838219111144e-09
"spot210",1.03969066567542e-08,7.28276005449371e-10,0.0572963503190667,0.178831436760377,0.702379133807433,1.30273533002883e-09,0.00314887973667843,0.0583441866000254,3.48501106363083e-10
"spot211",8.32937304418593e-08,1.24959150402494e-08,6.04772670138992e-06,0.0542212281089336,0.935838328265017,0.00444698397681576,0.00248443256028128,4.10695372737416e-08,0.00300284250306784
"spot212",0.505903335711786,2.80070570674358e-10,0.0550073635634799,7.3131910949621e-10,0.0964326826201102,4.30929701034217e-10,5.0120699585235e-10,0.342656615850098,3.10999633783663e-10
"spot213",0.0431209640668196,7.21766414091611e-10,2.6843577862105e-09,0.0891896368505642,0.867689392938168,1.00364918784201e-09,8.07691732519513e-10,6.98653250737732e-10,2.28329356522118e-10
